0.000000000000000000e+00 -3.000000000000000000e+00 -3.000000000000000000e+00 -3.000000000000000000e+00 -3.000000000000000000e+00
1.000000000000000000e+00 -3.000000000000000000e+00 -3.000000000000000000e+00 -3.000000000000000000e+00 -3.000000000000000000e+00
2.000000000000000000e+00 6.270751125283048344e-01 6.351736538067151994e-01 1.758503530781160729e+00 1.155363629257640939e-01
3.000000000000000000e+00 8.436589725260154049e-01 1.490798540350852797e-01 2.270514475269732380e+00 8.467471281686167472e-02
4.000000000000000000e+00 1.294594936637028182e+00 3.050732977582983896e-01 2.331445857214692996e+00 6.428984426754180692e-01
5.000000000000000000e+00 2.163948247011320825e-01 1.519221540670739445e+00 2.508737610783067673e+00 1.515523732683495273e-01
6.000000000000000000e+00 8.904393893224422651e-01 2.812904490782163425e+00 2.342970990660427688e+00 9.519151805922738685e-01
7.000000000000000000e+00 1.077493170997575911e+00 7.989118467848378424e-01 2.199867445280543787e+00 6.961737894576349728e-01
8.000000000000000000e+00 1.074206811933059891e+00 4.305676030805560273e-01 2.445013664834831069e+00 6.508706329887974373e-01
9.000000000000000000e+00 7.521347968335394540e-01 5.519765976320670786e-01 1.717405130337243957e+00 6.366543726854234642e-01
1.000000000000000000e+01 8.691044553893155777e-01 7.007255422901270681e-02 2.264131239280069874e+00 1.775708742042643451e-01
1.100000000000000000e+01 1.633328147109815331e+00 1.384901209745581729e+00 2.199867445280543787e+00 1.342542993338409874e+00
1.200000000000000000e+01 1.674868679562871776e+00 7.263003921972670529e-01 2.211092146952849280e+00 3.245257903632901564e-01
1.300000000000000000e+01 1.489331867710592006e+00 1.006753287412526676e+00 2.075181468864899514e+00 5.637269108410147833e-01
1.400000000000000000e+01 8.009510232513137318e-01 4.124669738389141194e-01 2.264131239280069874e+00 5.147181335257013934e-01
1.500000000000000000e+01 9.709563811390069521e-01 5.359738755536855859e-01 1.901978777442639323e+00 5.465615368421776754e-01
1.600000000000000000e+01 1.309928573036493349e+00 1.134964155844165434e+00 2.270514475269732380e+00 1.273332721873899898e+00
1.700000000000000000e+01 1.167669757967698452e+00 4.445046097382686634e-01 2.199867445280543787e+00 2.473595190206477334e-01
1.800000000000000000e+01 1.545853304886999346e+00 1.465630546575281690e+00 1.901978777442639323e+00 1.372107419790351779e+00
1.900000000000000000e+01 1.164256696086710674e+00 1.013373615075772616e+00 2.054643134108943059e+00 1.082275790550050187e+00
2.000000000000000000e+01 -3.000000000000000000e+00 -3.000000000000000000e+00 -3.000000000000000000e+00 -3.000000000000000000e+00
2.100000000000000000e+01 6.648756989247828209e-01 6.815585954836406168e-01 2.264131239280069874e+00 4.974666715082712853e-01
2.200000000000000000e+01 1.120901012205186342e+00 8.318402571443902493e-01 2.199867445280543787e+00 9.862305318600251836e-01
2.300000000000000000e+01 1.883274096157886712e-01 1.098487585843239689e+00 2.211092146952849280e+00 9.266462652502026331e-02
2.400000000000000000e+01 4.225686550181836920e-01 4.393424945949789273e-01 2.003872259897869768e+00 1.250297475257405588e-01
2.500000000000000000e+01 2.017144056676315467e-01 5.879091240172777677e-02 2.004075566956553534e+00 6.589678527604465874e-02
2.600000000000000000e+01 -3.000000000000000000e+00 -3.000000000000000000e+00 -3.000000000000000000e+00 -3.000000000000000000e+00
2.700000000000000000e+01 9.163563912180854309e-01 5.492004950133462238e-01 2.417999055006865738e+00 5.110729160438146623e-01
2.800000000000000000e+01 6.678176478885569090e-01 3.813841743414053687e-01 2.445215837618283761e+00 5.465178808058936966e-01
2.900000000000000000e+01 1.267854262812408761e+00 1.618573300243298263e+00 2.054846441483716646e+00 1.607065501922615880e+00
3.000000000000000000e+01 2.505526421230135359e-01 8.123870312881302513e-02 2.417999055006865738e+00 2.414453086580438668e-01
3.100000000000000000e+01 3.773951104663720857e-01 7.003395099811221547e-01 2.004075566956553534e+00 3.753502490215039900e-01
3.200000000000000000e+01 7.617319538810274349e-01 2.814081687781547547e+00 1.902181949325144394e+00 1.132724418390677501e+00
3.300000000000000000e+01 2.538518688812982371e-01 2.211199662265108112e-01 2.510862949649360853e+00 8.225995215409474814e-02
3.400000000000000000e+01 8.949197280712763991e-01 1.034559239659747609e+00 2.180991638763393858e+00 1.049604472348810713e+00
3.500000000000000000e+01 6.011200950263327902e-01 1.402842703425509763e+00 1.717607509775904928e+00 9.196417532798306649e-01
3.600000000000000000e+01 4.203086385906269484e-01 3.688150690557359113e-01 2.054846441483716646e+00 6.253825685310714366e-01
3.700000000000000000e+01 -3.000000000000000000e+00 -3.000000000000000000e+00 -3.000000000000000000e+00 -3.000000000000000000e+00
3.800000000000000000e+01 2.184224181917515384e-01 5.449266383852805484e-01 2.343182036927179190e+00 4.860524203508462815e-01
3.900000000000000000e+01 3.461100644591215136e-01 1.978878939002096382e-01 2.343182036927179190e+00 1.139593720174912200e-01
4.000000000000000000e+01 5.460668293956433272e-01 9.859569032285215862e-01 2.292928943931394237e+00 6.657514213905590950e-01
4.100000000000000000e+01 5.215983677786023565e-01 7.309399291622704631e-01 2.264334155951444938e+00 5.745583901910201741e-01
4.200000000000000000e+01 3.505979429351797627e-01 7.402763774726295321e-01 2.343182036927179190e+00 6.073781282697368056e-01
4.300000000000000000e+01 7.782697580931446923e-01 2.831163002666861050e-01 2.004075566956553534e+00 6.099876327898837713e-01
4.400000000000000000e+01 -3.000000000000000000e+00 -3.000000000000000000e+00 -3.000000000000000000e+00 -3.000000000000000000e+00
4.500000000000000000e+01 3.090020071583935435e-01 1.621760943022104370e-02 2.200070542391712625e+00 2.134320295913238186e-01
4.600000000000000000e+01 5.084040687114206314e-01 2.997136888485452677e-01 2.212308149939362423e+00 6.865759312927947056e-01
4.700000000000000000e+01 2.172288530805819573e-01 9.415015538776738691e-01 2.075384764800837889e+00 5.569816011499750807e-01
4.800000000000000000e+01 5.459940895738554234e-01 2.013701496420210013e+00 2.445215837618283761e+00 8.237176645819389575e-01
4.900000000000000000e+01 6.865283392465497680e-01 1.302643274607435897e+00 2.108729867265971780e+00 7.235533335065623683e-01
5.000000000000000000e+01 7.550649705454730576e-01 6.669896851214591749e-01 2.263877522367499839e+00 2.742662747166851323e-01
5.100000000000000000e+01 1.670249550964469032e+00 1.431681797354513952e+00 2.508485239306752046e+00 1.100280329363447773e+00
5.200000000000000000e+01 7.905613643586860695e-01 8.436326224181833755e-01 2.263877522367499839e+00 5.412721695894791019e-01
5.300000000000000000e+01 7.807322305483246350e-01 5.230921737389164772e-01 2.444760877282677658e+00 4.158770143460765456e-01
5.400000000000000000e+01 1.267798270447120235e+00 1.158325099806214675e+00 2.270260784008413246e+00 1.274715383088143916e+00
5.500000000000000000e+01 1.587188316964615487e+00 1.215416647866309097e+00 2.444760877282677658e+00 9.782514006881611879e-01
5.600000000000000000e+01 6.351662384289341601e-01 1.279370826524468763e+00 2.108272453040175964e+00 6.699337873312266600e-01
5.700000000000000000e+01 6.423745809220217096e-01 7.931548297860115948e-01 2.417543798120113774e+00 3.386147095243622340e-01
5.800000000000000000e+01 6.038550738605260593e-01 6.523817723889119291e-02 2.444760877282677658e+00 1.417545762330734913e-02
5.900000000000000000e+01 1.240339089325467770e+00 1.731043407515142851e+00 2.054388929787379858e+00 1.067225544907664858e+00
6.000000000000000000e+01 1.181737182159970478e+00 1.170546864451912805e+00 2.003618056284563576e+00 1.006053157453348224e+00
6.100000000000000000e+01 1.206849782710497143e+00 8.008208101569769255e-01 2.003618056284563576e+00 4.532760172787652087e-01
6.200000000000000000e+01 5.521581563210804511e-01 8.069053749578471990e-01 2.270260784008413246e+00 4.183516931236068714e-01
6.300000000000000000e+01 6.480694997302350879e-01 5.025256739854840893e-01 2.223044013223570925e+00 2.782716476390159621e-02
6.400000000000000000e+01 -3.000000000000000000e+00 -3.000000000000000000e+00 -3.000000000000000000e+00 -3.000000000000000000e+00
6.500000000000000000e+01 9.802150035562579022e-01 3.683774707427264206e-01 2.199613503065828368e+00 3.214624023980029999e-01
6.600000000000000000e+01 1.068710807796311002e+00 3.878909134371528178e-01 2.510408762089233026e+00 6.101687928243891834e-01
6.700000000000000000e+01 8.261835116993510031e-01 1.021042415041210905e-01 1.892813643841717575e+00 3.828378437071504048e-01
6.800000000000000000e+01 1.020713914802893862e+00 5.516677312278749357e-01 2.210838239637920033e+00 5.581528709413470235e-01
6.900000000000000000e+01 1.019912417118797654e+00 8.874332629825892882e-01 2.003618056284563576e+00 9.902539679383907112e-01
7.000000000000000000e+01 4.146611176987416991e-01 4.597091914131977708e-01 2.210838239637920033e+00 3.513762439024933903e-02
7.100000000000000000e+01 8.053807443282812173e-01 1.642377819484792667e-01 2.085210283279879118e+00 3.009796662493851027e-01
7.200000000000000000e+01 2.024001474824590030e+00 2.524903027007166401e+00 2.263877522367499839e+00 1.872626350419638985e+00
7.300000000000000000e+01 1.419545642629292947e+00 2.206321423363188039e+00 2.270260784008413246e+00 1.658532665113655158e+00
7.400000000000000000e+01 1.226235674632774719e+00 1.287613287696681708e-01 2.003618056284563576e+00 2.285997743064554222e-01
7.500000000000000000e+01 2.100897100641931026e+00 1.787296266879683515e-01 2.331871557501587144e+00 7.821439162706924630e-01
7.600000000000000000e+01 -3.000000000000000000e+00 -3.000000000000000000e+00 -3.000000000000000000e+00 -3.000000000000000000e+00
7.700000000000000000e+01 1.831875308583982953e+00 4.226129929025411736e-01 2.212531600597214432e+00 1.333767699050464328e+00
7.800000000000000000e+01 -3.000000000000000000e+00 -3.000000000000000000e+00 -3.000000000000000000e+00 -3.000000000000000000e+00
7.900000000000000000e+01 1.849677814135258780e+00 4.412647221935509512e-01 1.902405517410923341e+00 8.071674779714983483e-01
8.000000000000000000e+01 1.824476936453568010e+00 1.305614235564996228e+00 1.988853873680102247e+00 1.345759780847851639e+00
8.100000000000000000e+01 1.697723289509119882e+00 2.723855126220366407e-01 2.004299283220584371e+00 1.128118209034307151e+00
8.200000000000000000e+01 1.677780282240097343e+00 1.208826605865963022e-01 2.004299283220584371e+00 3.542920834306654831e-01
8.300000000000000000e+01 1.841898486872329377e+00 1.138723319642694687e+00 2.445438303957700565e+00 1.263192520979918854e+00
8.400000000000000000e+01 1.792518177920742195e+00 4.168151544607162085e-01 2.181215171493764871e+00 2.184994330604440316e-01
8.500000000000000000e+01 1.722604890598281591e+00 3.201060500451997082e-01 2.212531600597214432e+00 9.808838955610873489e-01
8.600000000000000000e+01 2.003813893429136517e+00 6.106849199132542427e-01 2.445438303957700565e+00 1.072824201526707988e+00
8.700000000000000000e+01 2.189644900226140667e+00 1.185575877959527125e+00 2.200294026722629415e+00 1.637720558427966600e+00
8.800000000000000000e+01 4.449996597684675592e-01 6.161395988046689531e-01 2.200294026722629415e+00 3.781892644532087733e-01
8.900000000000000000e+01 1.677114980257039978e+00 1.423403453134080898e+00 2.445438303957700565e+00 1.316876573976815790e+00
9.000000000000000000e+01 2.415352222061233789e+00 1.730275935743384341e+00 1.893494346973725095e+00 2.197706893443386988e+00
9.100000000000000000e+01 2.101466907363775949e+00 4.748780139741874406e-01 1.902405517410923341e+00 1.053656961714095175e+00
9.200000000000000000e+01 1.947540242820268608e+00 9.165858155004437124e-01 2.445438303957700565e+00 1.376748558822587398e+00
9.300000000000000000e+01 -3.000000000000000000e+00 -3.000000000000000000e+00 -3.000000000000000000e+00 -3.000000000000000000e+00
9.400000000000000000e+01 1.834026908036618053e+00 2.620149539472877986e-01 2.200294026722629415e+00 1.053154910219462392e+00
9.500000000000000000e+01 1.811781271897151324e+00 7.849870149618696225e-01 2.264557441474715382e+00 1.367016926718452208e+00
9.600000000000000000e+01 1.984321597594422171e+00 1.804122564911545767e+00 2.331871557501587144e+00 1.638967636517186355e+00
9.700000000000000000e+01 2.324102520473696476e+00 1.188244651014156217e+00 2.004299283220584371e+00 1.198403424354840263e+00
9.800000000000000000e+01 1.916118610172346193e+00 7.961539799026340347e-01 2.264557441474715382e+00 8.978416055848001953e-01
9.900000000000000000e+01 1.414756166830234196e+00 8.844337305027486495e-01 2.075608468468993717e+00 5.811193769952864852e-01
1.000000000000000000e+02 1.773052547363800802e+00 8.966031167147929803e-01 1.901324993768220395e+00 5.591637064673238289e-01
1.010000000000000000e+02 2.050968648325778076e+00 2.613498129981884355e-01 2.210438684897706008e+00 1.991441322412208503e-01
1.020000000000000000e+02 2.317619674136524033e+00 1.662918148154878539e-01 2.211451629667919416e+00 3.011239220058267163e-01
1.030000000000000000e+02 2.278446308487036998e+00 4.368971539740083010e-01 2.330793651735808325e+00 6.839290009560485828e-01
1.040000000000000000e+02 2.296803181449269537e+00 6.941770659215702466e-01 2.444363082346655336e+00 6.165827126296079541e-01
1.050000000000000000e+02 2.383690730127943080e+00 1.724631433505541711e+00 2.210438684897706008e+00 1.143117040763767411e+00
1.060000000000000000e+02 1.730057513918155987e+00 1.358404710436188045e+00 2.444363082346655336e+00 2.587605473073004148e-01
1.070000000000000000e+02 1.985130088377425883e+00 2.475830776500592967e-01 2.124967125490849096e+00 1.407973963346121349e-01
1.080000000000000000e+02 1.829665318077902114e+00 7.686734114162963039e-01 2.263478266675970296e+00 2.982793023919659281e-01
1.090000000000000000e+02 2.591350747463066373e+00 4.051538481085739662e-01 2.210438684897706008e+00 2.692075118158107627e-01
1.100000000000000000e+02 2.718897004580952625e+00 8.952846417364671572e-01 2.199213893532425246e+00 5.890615280554513111e-01
1.110000000000000000e+02 2.033916649256569897e+00 8.806041042943421049e-01 2.210438684897706008e+00 1.062012523228417216e+00
1.120000000000000000e+02 1.805861347420728347e+00 9.093834647398808535e-01 2.424103994513254978e+00 5.397492070344124260e-01
1.130000000000000000e+02 1.890059521450097479e+00 8.027767320287524377e-01 1.716753903927572544e+00 6.180991235657130600e-01
1.140000000000000000e+02 2.010294770928341634e+00 4.485195935965337055e-01 2.510011642120023367e+00 5.874671598639666925e-01
1.150000000000000000e+02 1.533957941782179812e+00 7.651878085838973442e-01 2.003218037904408444e+00 7.792212464038722475e-02
1.160000000000000000e+02 1.832345246507122161e+00 1.178703278854752901e+00 2.210438684897706008e+00 7.314407213086311366e-01
1.170000000000000000e+02 1.848361945207439794e+00 8.616856083577215664e-01 2.444363082346655336e+00 8.426575407096206227e-01
1.180000000000000000e+02 1.787355803963117662e+00 1.258028047272649497e+00 2.003218037904408444e+00 7.123953406149423628e-01
1.190000000000000000e+02 2.150571966418545422e+00 2.656380001819251269e-01 2.222644521503578385e+00 8.789654671339532932e-01
1.200000000000000000e+02 2.219687322624307235e+00 1.702545081566181340e-01 2.003218037904408444e+00 1.895394994946963951e-01
1.210000000000000000e+02 2.187720059144040885e+00 5.054752977173587042e-02 2.003218037904408444e+00 7.209035732461635537e-02
1.220000000000000000e+02 2.105244850313555904e+00 2.095183672049574786e-01 2.211451629667919416e+00 2.803747592070242045e-01
1.230000000000000000e+02 2.182264736142331518e+00 5.934376446477230838e-01 1.892413935853262785e+00 6.268767938492494363e-01
1.240000000000000000e+02 1.974103284148360116e+00 1.713393697763302637e+00 2.269861568615721303e+00 1.126485676556820748e+00
1.250000000000000000e+02 1.044811713667748165e+00 2.556850554559178534e-01 2.418586324182217862e+00 1.687033291934732504e-01
1.260000000000000000e+02 2.089308074664653958e+00 2.252826891542080823e+00 1.989220329879476834e+00 1.652660390307911120e+00
1.270000000000000000e+02 1.665866536693699995e+00 3.176828812922469214e-01 2.055436628688672052e+00 5.160492671034325740e-01
1.280000000000000000e+02 1.345016209527746254e+00 9.326702294193386367e-01 1.759294371737411211e+00 7.172335518035609647e-01
1.290000000000000000e+02 6.742065593828072689e-01 5.043791557666419401e-01 1.902771747247308243e+00 3.736294773000651825e-01
1.300000000000000000e+02 1.535789564281643704e+00 5.940609905890108511e-01 2.212897634616898923e+00 5.512825481447179987e-01
1.310000000000000000e+02 1.552552839025781006e+00 4.503165112704069495e-01 2.211884708349542095e+00 7.321778860334224870e-01
1.320000000000000000e+02 1.186639115609928963e+00 1.907739942928360355e-01 2.200660116015409340e+00 2.310834141877234904e-01
1.330000000000000000e+02 9.918719373430713304e-01 1.706294949383443393e-01 2.181581340249590273e+00 4.448225052610384894e-02
1.340000000000000000e+02 1.157887375687123521e+00 1.367258743488404815e-01 2.075469878509661914e+00 1.751013468349810198e-01
1.350000000000000000e+02 1.838831320253656143e+00 1.571147653962494672e+00 2.004665754503904385e+00 1.662612636434497304e+00
1.360000000000000000e+02 1.696031049822899206e+00 1.173461463486322964e+00 2.212897634616898923e+00 1.201441464317016594e+00
1.370000000000000000e+02 1.193253775033038089e+00 1.388094977541447728e+00 2.264923204523866751e+00 4.135686998807322490e-01
1.380000000000000000e+02 1.688058498856117362e+00 1.387120821969921591e+00 2.445802723692593883e+00 1.460582688375025473e+00
1.390000000000000000e+02 1.065742632600666040e+00 1.677491457209082215e+00 2.004665754503904385e+00 5.405467929664262705e-01
1.400000000000000000e+02 1.037398880192177630e+00 4.923419714910044487e-01 1.726965413021036344e+00 1.483709814799085702e-01
1.410000000000000000e+02 1.520720468265857273e+00 2.481224575683619038e-01 2.445802723692593883e+00 2.323064539747276558e-01
1.420000000000000000e+02 1.414722072884153858e+00 1.707006651420678756e+00 2.004665754503904385e+00 1.089961735469363369e+00
1.430000000000000000e+02 2.152347440450265825e+00 2.609551100334122964e+00 2.264923204523866751e+00 1.950303128602041802e+00
1.440000000000000000e+02 1.114581037473569847e+00 1.256347382333553808e+00 2.445802723692593883e+00 4.546097765752666331e-01
1.450000000000000000e+02 1.352767245107951766e+00 1.041433491550119994e+00 2.264923204523866751e+00 1.077649954647812880e+00
1.460000000000000000e+02 1.777110870414552179e+00 1.321229497507707462e+00 2.055436628688672052e+00 1.268806741830785123e+00
1.470000000000000000e+02 1.342141870624558253e+00 1.293231141665988515e+00 2.445802723692593883e+00 1.295870802233743513e+00
1.480000000000000000e+02 8.660732381947743308e-01 8.092970848472094691e-02 2.271306360232743682e+00 3.787167113341450425e-02
1.490000000000000000e+02 9.537701543266545734e-01 1.314255735592355867e+00 2.264923204523866751e+00 4.291411120342600305e-02
1.500000000000000000e+02 2.095236208661828137e+00 2.753674945076932445e+00 2.180962218531460550e+00 1.476126261905268189e+00
1.510000000000000000e+02 1.670047328437640477e+00 2.706142894352761008e-01 2.211265806290537039e+00 5.977001879955753383e-01
1.520000000000000000e+02 1.055470925367157253e+00 6.825684082806317277e-02 2.108700429217855277e+00 3.995374871990463317e-02
1.530000000000000000e+02 -3.000000000000000000e+00 -3.000000000000000000e+00 -3.000000000000000000e+00 -3.000000000000000000e+00
1.540000000000000000e+02 1.475121057835019345e+00 7.013398199717942871e-01 2.445186557664559501e+00 2.575036474022056043e-01
1.550000000000000000e+02 1.362120055417490594e+00 5.572551096473629118e-01 2.004046122633708737e+00 4.369604925554547159e-01
1.560000000000000000e+02 1.641565897246655359e+00 9.732446939452825685e-01 2.004046122633708737e+00 9.349772962274754962e-01
1.570000000000000000e+02 1.929490486462456689e+00 1.997055545444601066e+00 1.902152524549015400e+00 1.460546272647854860e+00
1.580000000000000000e+02 1.762410297862391007e+00 8.919481025318802825e-01 2.445186557664559501e+00 1.029190852439576531e+00
1.590000000000000000e+02 1.444529812246468481e+00 4.556236030875647769e-01 2.200041128523664735e+00 5.329040522398813540e-01
1.600000000000000000e+02 1.516432604117837091e+00 8.779443683085550454e-01 2.445186557664559501e+00 9.480185711870837695e-01
1.610000000000000000e+02 1.462332925876033585e+00 1.603152495996077453e+00 2.212278740499285412e+00 9.521715242803954204e-01
1.620000000000000000e+02 1.110183410389019132e+00 4.242923348873783862e-01 2.445186557664559501e+00 3.576837436764995215e-01
1.630000000000000000e+02 1.477618200440681262e+00 5.660839683978492465e-01 2.004046122633708737e+00 5.949004746466760585e-01
1.640000000000000000e+02 1.263693664447014031e+00 9.958646708577757467e-01 1.902152524549015400e+00 5.592516322011005236e-01
1.650000000000000000e+02 2.070452391092957978e+00 1.889061173219979128e+00 2.054816997128870337e+00 1.734553058975490725e+00
1.660000000000000000e+02 -3.000000000000000000e+00 -3.000000000000000000e+00 -3.000000000000000000e+00 -3.000000000000000000e+00
1.670000000000000000e+02 1.892608143464707737e+00 1.112110040744610062e+00 2.445186557664559501e+00 1.345294961610650208e+00
1.680000000000000000e+02 1.265813110927642704e+00 3.250315734476769830e-02 2.623835083134018031e+00 1.295963093676603950e-02
1.690000000000000000e+02 1.396446767957804758e+00 2.431782755418022468e+00 2.264304768229549847e+00 1.826180196168372336e-02
1.700000000000000000e+02 1.780586663966750693e+00 1.438873449783375502e+00 2.445186557664559501e+00 1.405307025965347734e+00
1.710000000000000000e+02 1.195299589789494243e+00 1.919417995772769447e-01 1.988600723647043544e+00 5.438302867387084100e-02
1.720000000000000000e+02 1.650699255160845924e+00 1.425623037207846000e-01 2.211265806290537039e+00 1.421266097338276801e-01
1.730000000000000000e+02 1.464160866063881850e+00 6.289371901832063738e-01 2.080298796502793035e+00 6.572347261288562503e-01
1.740000000000000000e+02 1.737323986465102887e+00 6.956301464284020408e-01 2.211265806290537039e+00 1.017806336779904397e+00
1.750000000000000000e+02 9.340269333862498691e-01 1.199919219564635542e+00 2.270712193271704926e+00 7.014215133641171773e-01
1.760000000000000000e+02 1.253785447600211045e+00 3.104658729781939464e-01 2.445210677954922307e+00 8.659820599519918449e-01
1.770000000000000000e+02 7.329810292798335514e-01 4.570934533807574640e-01 2.445210677954922307e+00 1.588208771431218747e-01
1.780000000000000000e+02 1.251258996600938422e+00 9.318598281161671881e-01 2.445210677954922307e+00 1.123700745627698394e+00
1.790000000000000000e+02 1.101865843323439398e+00 1.556094055035356805e+00 1.783891461068627837e+00 9.600898428381927641e-01
1.800000000000000000e+02 9.191827351468196960e-01 5.201923299090303043e-01 2.445210677954922307e+00 3.140408674003182243e-01
1.810000000000000000e+02 9.928357598231309922e-01 9.104695286409748567e-01 2.264328977296542700e+00 4.108125363720933065e-01
1.820000000000000000e+02 6.109842609676005010e-01 9.484359291945053394e-02 2.623859082780331420e+00 1.901392108221263907e-02
1.830000000000000000e+02 1.149111516973263525e+00 9.532114614527013030e-01 2.212302967457044911e+00 7.536989708662948928e-01
1.840000000000000000e+02 -3.000000000000000000e+00 -3.000000000000000000e+00 -3.000000000000000000e+00 -3.000000000000000000e+00
1.850000000000000000e+02 1.553767020047419178e+00 1.450012010068279844e+00 2.331643362486814475e+00 1.040774968562246272e+00
1.860000000000000000e+02 9.249921322720328076e-01 5.585829945753511411e-02 1.902176764138320708e+00 3.709027054583355909e-01
1.870000000000000000e+02 7.587201174890304545e-01 3.287600057050115154e-01 2.508934299449076644e+00 1.823857603262510341e-01
1.880000000000000000e+02 1.113834950582179406e+00 1.328748227379501268e+00 1.902176764138320708e+00 8.445538235638679891e-01
1.890000000000000000e+02 1.464380547892110584e+00 9.109510175597792525e-01 1.726372580473299223e+00 1.360948389321177343e+00
1.900000000000000000e+02 1.101727862589359397e+00 5.512346611700211785e-01 1.988624978323409787e+00 5.857998865278802869e-01
1.910000000000000000e+02 1.972961051311885150e+00 2.740342489153361871e+00 2.264328977296542700e+00 2.027904458720385605e+00
1.920000000000000000e+02 1.069532038984515765e+00 2.334254968726671819e+00 1.988624978323409787e+00 6.161428597007796715e-02
1.930000000000000000e+02 1.552301914727941545e+00 1.206249182038602541e+00 2.623859082780331420e+00 1.374037631462820874e+00
1.940000000000000000e+02 9.989477565432371975e-01 8.416821719215564768e-01 1.902176764138320708e+00 1.006177902265095847e+00
1.950000000000000000e+02 7.375630763010835311e-01 3.377501187934064952e-01 2.004070378325987445e+00 1.786277545539030898e-01
1.960000000000000000e+02 1.136589336281892626e+00 1.566063950875498989e+00 1.902176764138320708e+00 6.254892525780300083e-01
1.970000000000000000e+02 5.119157138918032368e-01 1.852732171649967563e-01 2.004070378325987445e+00 2.174671423533172318e-02
1.980000000000000000e+02 1.161718077952329509e+00 4.319102618681233685e-01 1.902176764138320708e+00 8.231019851766666617e-01
1.990000000000000000e+02 1.149451147236177251e+00 1.326198739950158023e+00 2.270712193271704926e+00 8.658361897361497306e-01
2.000000000000000000e+02 5.053827959106674816e-01 2.005422873175170206e+00 2.211818318531826755e+00 8.281244925795572254e-01
2.010000000000000000e+02 9.785750340837402472e-01 1.743800451841094779e+00 2.332170627601738655e+00 1.245140797188921900e+00
2.020000000000000000e+02 3.001404841426089654e-01 2.855246945952666926e-01 2.004599286031034211e+00 2.133422772931313771e-01
2.030000000000000000e+02 2.656354253156723022e-01 2.285523951415593946e-01 1.893794121021367571e+00 3.297617383763090659e-01
2.040000000000000000e+02 2.835829563301003886e-01 1.954540913401519253e+00 2.211818318531826755e+00 5.529027562358466152e-01
2.050000000000000000e+02 2.015097581884118527e-01 3.983410773356373391e-01 2.271240027195295497e+00 4.275895162301456831e-01
2.060000000000000000e+02 1.759456515105543239e+00 2.261907339744499534e+00 2.211818318531826755e+00 1.991281028205728720e+00
2.070000000000000000e+02 1.332824583889997416e-01 4.281420742909427396e-02 2.181514926820692146e+00 8.701448300485932486e-02
2.080000000000000000e+02 4.341590412068715293e-02 2.178660843585374929e-01 2.109253473178462901e+00 8.843618811947649705e-02
2.090000000000000000e+02 2.514580391580192864e-01 1.310101012078331628e+00 2.211818318531826755e+00 4.583653238966817756e-01
2.100000000000000000e+02 4.525400164733761610e-01 5.179618884005199320e-01 2.004599286031034211e+00 7.093456601864703837e-01
2.110000000000000000e+02 9.373277361400751406e-01 1.141728131664755397e+00 2.418520185002843270e+00 1.300586588873043237e+00
2.120000000000000000e+02 6.376370068295510452e-01 1.877571369560301573e+00 2.157216091003921310e+00 9.247999050997574022e-01
2.130000000000000000e+02 3.436759497283438658e-01 1.393869001319603340e+00 1.902705322448263292e+00 5.618767434449086773e-01
2.140000000000000000e+02 2.864214375982665137e-02 7.426994911350118800e-01 2.445736627690064946e+00 1.067970346857402414e-01
2.150000000000000000e+02 7.163747205487286385e-01 7.289140582662988477e-01 2.418520185002843270e+00 9.623995320225844918e-02
2.160000000000000000e+02 4.101989650976621826e-01 1.264229768466289094e+00 2.211818318531826755e+00 7.900817966650994784e-01
2.170000000000000000e+02 4.450273351186717075e-01 7.474354839564778530e-01 2.445736627690064946e+00 3.425726240558572000e-01
2.180000000000000000e+02 6.809233379488935922e-01 4.198970236842191062e-01 1.718128846487192884e+00 3.730919631830761363e-01
2.190000000000000000e+02 2.231484130460721915e-01 1.761547404566936592e-01 2.212831245652642220e+00 2.459253756784523515e-01
2.200000000000000000e+02 4.294854228575684663e-01 9.639259495822037893e-01 1.902705322448263292e+00 8.022990358577611891e-01
2.210000000000000000e+02 8.989486740884419236e-01 1.061344255961415461e+00 2.109253473178462901e+00 1.240663725458331923e+00
2.220000000000000000e+02 2.316884537130410315e-01 1.777429509468519742e+00 2.332170627601738655e+00 5.754603484292389881e-01
2.230000000000000000e+02 1.210391827306866730e-01 2.989450743472540362e-01 2.271240027195295497e+00 2.373825834880183561e-01
2.240000000000000000e+02 -3.000000000000000000e+00 -3.000000000000000000e+00 -3.000000000000000000e+00 -3.000000000000000000e+00
2.250000000000000000e+02 1.543415480563153031e+00 1.869771284315272786e-01 2.445741691046706912e+00 6.347829266760022238e-01
2.260000000000000000e+02 1.665114070868266127e+00 1.112068029568405780e+00 2.343700672550911968e+00 1.362151748028196829e+00
2.270000000000000000e+02 1.225066940370867830e+00 7.203167324518817694e-01 2.445741691046706912e+00 7.773708591761636644e-01
2.280000000000000000e+02 1.348461484525879772e+00 2.875545331806393379e-01 2.211823404393771231e+00 8.660367660336899531e-01
2.290000000000000000e+02 1.079488539550882864e+00 2.483886073886013568e-01 2.211823404393771231e+00 3.228484741267302338e-01
2.300000000000000000e+02 2.108705613524427314e+00 2.010968368109169901e+00 2.445741691046706912e+00 2.258251245512725269e+00
2.310000000000000000e+02 7.427220122747748565e-01 5.939992315921769350e-01 2.264861946778332857e+00 2.292688021213271921e-01
2.320000000000000000e+02 1.121229936518308712e+00 1.114110506344512697e+00 2.211823404393771231e+00 6.525599689579352214e-01
2.330000000000000000e+02 -3.000000000000000000e+00 -3.000000000000000000e+00 -3.000000000000000000e+00 -3.000000000000000000e+00
2.340000000000000000e+02 1.510562320766270394e+00 2.301213544013829271e+00 2.004604377915311986e+00 1.110949702190721533e+00
2.350000000000000000e+02 1.337590386435423051e+00 7.578525218850934442e-01 2.271245108708290772e+00 5.555185874329756635e-01
2.360000000000000000e+02 1.814180118480438475e+00 1.327613514838639430e+00 2.271245108708290772e+00 1.776624754269302553e+00
2.370000000000000000e+02 1.288706907985024408e+00 1.333289692656776548e+00 2.200598803580813279e+00 1.127147791338307670e+00
2.380000000000000000e+02 1.680243237521168664e+00 1.744178518635585373e+00 1.718133915259633548e+00 1.576893640906938732e+00
2.390000000000000000e+02 1.108954061764323429e+00 1.188007483239972517e+00 2.343700672550911968e+00 8.863851845031053278e-01
2.400000000000000000e+02 9.607259098957804389e-01 1.333721475853258287e+00 2.445741691046706912e+00 5.467070644871808716e-01
2.410000000000000000e+02 1.248959191880374409e+00 5.100473340777331721e-01 2.509464437247868940e+00 6.509171036024453683e-01
2.420000000000000000e+02 -3.000000000000000000e+00 -3.000000000000000000e+00 -3.000000000000000000e+00 -3.000000000000000000e+00
2.430000000000000000e+02 -3.000000000000000000e+00 -3.000000000000000000e+00 -3.000000000000000000e+00 -3.000000000000000000e+00
2.440000000000000000e+02 1.437556256621151274e+00 7.585800685427744883e-01 1.805238526065357396e+00 1.191060079788351489e+00
2.450000000000000000e+02 1.579549814274208375e+00 2.600852859768554293e-01 1.894543606795689561e+00 8.684646795757662296e-01
2.460000000000000000e+02 1.055558433035324928e+00 1.220599194132687249e+00 2.271245108708290772e+00 4.485171663677627873e-01
2.470000000000000000e+02 1.659922720794116735e+00 2.610063374924471269e+00 2.181520014490985648e+00 1.733820145726646000e+00
2.480000000000000000e+02 1.335080502734207863e+00 1.267171389787456359e+00 1.989158955801182183e+00 1.639544071727990993e+00
2.490000000000000000e+02 1.243292681744454731e+00 2.817077480503471509e-01 1.726904298056200826e+00 1.164069847492303772e-01
2.500000000000000000e+02 2.253145125715673380e+00 3.943529989973557637e-01 2.211955506714383013e+00 2.789932563876580951e-01
2.510000000000000000e+02 2.024876959805165022e+00 1.284940286563084344e+00 2.264993949501182158e+00 1.121770575679061466e+00
2.520000000000000000e+02 1.150300803503917058e+00 1.187146190361491271e+00 2.418656855189285526e+00 7.875185398611041221e-02
2.530000000000000000e+02 1.944792144157206693e+00 1.121112276950643638e+00 2.343832489652529549e+00 7.958486683874838041e-01
2.540000000000000000e+02 1.405071560309632428e+00 3.756061632914772797e-01 1.893931367490035989e+00 6.429909071805509635e-01
2.550000000000000000e+02 2.543334687172179365e+00 1.314614179899693314e+00 1.989291209328829968e+00 1.307567636361323338e+00
2.560000000000000000e+02 2.399443803519730078e+00 8.593956744172330797e-01 1.902842583071567839e+00 8.588196947610918786e-01
2.570000000000000000e+02 1.745200351995573662e+00 2.761601012409159450e-01 2.212968432071189984e+00 7.396209928375180320e-01
2.580000000000000000e+02 1.993378649386246870e+00 1.416176611958634091e+00 2.418656855189285526e+00 1.258475063510489766e+00
2.590000000000000000e+02 2.090309571846462156e+00 1.161803961970418131e+00 2.004736636844347775e+00 1.296364315700186287e+00
2.600000000000000000e+02 1.740222250851287011e+00 1.166274899654301533e+00 2.211955506714383013e+00 1.195709353482790949e+00
2.610000000000000000e+02 1.819009373717885403e+00 1.033636398781719645e+00 2.211955506714383013e+00 1.047064133492387361e+00
2.620000000000000000e+02 1.282150091353650989e+00 1.122481864554664810e+00 2.264993949501182158e+00 8.136944751391850250e-01
2.630000000000000000e+02 8.607059776587621114e-01 1.497989589671123056e+00 1.759365017992182256e+00 2.827871568678771985e-01
2.640000000000000000e+02 1.326542703653467825e+00 4.688536775617533903e-01 2.055507510861964260e+00 1.412404397120704536e-01
2.650000000000000000e+02 1.480949616403754332e+00 5.713263370580747846e-01 2.271377098023116048e+00 6.417892969089230570e-01
2.660000000000000000e+02 2.215000940026404130e+00 1.443946983745570956e+00 2.445873208646977215e+00 1.072690509334230713e+00
2.670000000000000000e+02 -3.000000000000000000e+00 -3.000000000000000000e+00 -3.000000000000000000e+00 -3.000000000000000000e+00
2.680000000000000000e+02 2.041612342703939653e+00 1.865620205027561207e+00 2.264993949501182158e+00 1.423469837051249742e+00
2.690000000000000000e+02 1.740735229448354904e+00 1.978781998370288397e-01 2.200730924176736991e+00 3.675618039149486926e-01
2.700000000000000000e+02 2.220423991002302699e+00 8.060748435088138653e-01 2.004736636844347775e+00 8.643967092479148961e-01
2.710000000000000000e+02 1.023630147662071943e+00 1.520762303932423842e+00 2.293588426246468970e+00 5.118728509934039606e-01
2.720000000000000000e+02 1.761640834915844556e+00 1.131903357382260250e-01 2.200730924176736991e+00 1.667967194846388668e-01
2.730000000000000000e+02 -3.000000000000000000e+00 -3.000000000000000000e+00 -3.000000000000000000e+00 -3.000000000000000000e+00
2.740000000000000000e+02 2.891834206369169102e+00 5.939762657620724084e-01 2.418656855189285526e+00 9.297703519752030799e-01
2.750000000000000000e+02 -3.000000000000000000e+00 -3.000000000000000000e+00 -3.000000000000000000e+00 -3.000000000000000000e+00
2.760000000000000000e+02 1.214911099385869386e+00 3.018303537021013727e-01 2.054586036360691814e+00 3.679909262675369885e-01
2.770000000000000000e+02 1.080364270235878221e+00 1.765715053631549569e+00 2.211035115998689626e+00 7.811742778879087190e-01
2.780000000000000000e+02 -3.000000000000000000e+00 -3.000000000000000000e+00 -3.000000000000000000e+00 -3.000000000000000000e+00
2.790000000000000000e+02 5.488622301316681273e-01 2.607130160392970852e-01 2.223240858471042802e+00 2.531788622370578223e-01
2.800000000000000000e+02 1.144877272229430032e+00 1.482696606862809130e+00 2.078619924582723488e+00 1.244107503000994486e+00
2.810000000000000000e+02 1.072712790034840769e+00 1.401967690310349512e+00 2.264074251117448533e+00 7.478676368525758456e-01
2.820000000000000000e+02 1.352079138948328207e+00 3.291184360037697765e-01 1.901921717875011852e+00 2.698833458612372449e-01
2.830000000000000000e+02 1.100486978655599746e+00 7.995728148427415638e-01 2.003815162278406614e+00 7.399670301038171472e-01
2.840000000000000000e+02 9.001132226673738135e-01 6.312000189203702538e-01 2.444956885492364673e+00 6.899271518961014316e-01
2.850000000000000000e+02 1.125233738115697379e+00 1.820392692310107030e+00 2.075124374313694897e+00 1.089984436199975759e+00
2.860000000000000000e+02 1.110740648831945121e+00 1.204960254202532610e+00 2.154962497069184302e+00 1.170673601910869221e+00
2.870000000000000000e+02 1.319296522372030767e+00 1.409102888191862801e+00 2.003815162278406614e+00 9.159559488131107097e-01
2.880000000000000000e+02 1.147560606635061875e+00 2.481488272451279897e+00 1.901921717875011852e+00 1.241800982926544394e+00
2.890000000000000000e+02 6.353042535058643914e-01 3.301772154637833689e-01 2.211035115998689626e+00 3.739520375837399602e-01
2.900000000000000000e+02 8.418712938912913391e-01 2.307127232519494975e-01 2.003815162278406614e+00 3.111192072208958659e-01
2.910000000000000000e+02 1.196529483732007959e+00 5.703498723066040554e-01 2.108469517758424061e+00 8.507108401728809000e-01
2.920000000000000000e+02 7.728012728659294783e-01 4.069522354306763789e-01 1.893010597657914129e+00 2.811700174541922337e-01
2.930000000000000000e+02 -3.000000000000000000e+00 -3.000000000000000000e+00 -3.000000000000000000e+00 -3.000000000000000000e+00
2.940000000000000000e+02 1.188897510265978008e+00 9.901589051377033268e-01 1.901921717875011852e+00 7.289209807830397958e-01
2.950000000000000000e+02 7.185958031665793388e-01 6.904315790900203975e-01 1.758446624874498765e+00 4.727381573054315056e-01
2.960000000000000000e+02 9.598911515278402140e-01 6.419643825936653947e-01 2.270457492871581717e+00 8.481400131361174211e-01
2.970000000000000000e+02 6.260532722909042391e-01 2.606197331580047960e-01 2.444956885492364673e+00 1.288959264544596584e-01
2.980000000000000000e+02 8.077231044693568007e-01 3.864863275701589940e-01 1.783636938199658850e+00 6.256416707100406205e-01
2.990000000000000000e+02 8.391769856018923557e-01 3.222848185412106881e-02 1.901921717875011852e+00 2.060139685757690631e-01
