-1.219908625222460250e+04
-1.282243679958505345e+04
-1.233770497147513925e+04
-1.237547591493258369e+04
-1.233177414714727638e+04
-1.239866169166868349e+04
-1.220260924538249856e+04
-7.569964859064797565e+03
-1.226003417758382238e+04
-1.247759449840464731e+04
-1.236610123380988807e+04
-1.254397898143266139e+04
-1.269073925638756918e+04
-1.238210128179064304e+04
-1.236970314346694067e+04
-1.228710778466442025e+04
-1.226201468716894124e+04
-1.233703688228449755e+04
-1.229141916642400247e+04
-1.228810170269393711e+04
-7.732898316791060097e+03
-1.251486913721742530e+04
-1.222733706182471360e+04
-1.255934848098602924e+04
-1.255986646057463622e+04
-7.737088822879847612e+03
-7.611008833377228257e+03
-1.226952004243730880e+04
-1.239353302263037403e+04
-1.251655861930541141e+04
-1.245531315982630440e+04
-1.260431963573729445e+04
-1.261797795363322984e+04
-1.220307627903725734e+04
-7.765799248928202360e+03
-1.240815394433513029e+04
-7.653009346930403808e+03
-1.224670958096222967e+04
-1.245302286899923092e+04
-1.238901507659316849e+04
-1.238872088351750608e+04
-1.226318154969403440e+04
-1.237079819084326482e+04
-1.262130728870420717e+04
-1.231699831787710536e+04
-1.227226950921298157e+04
-1.269508907588381953e+04
-7.527081158178270925e+03
-1.237977347882267168e+04
-1.250475348158319139e+04
-1.270209391135091573e+04
-1.238984988158544729e+04
-1.255962918698292196e+04
-1.234059228581237221e+04
-7.934721890621149214e+03
-1.235618155410332292e+04
-1.214218551104380458e+04
-1.231803814072796013e+04
-1.230990646299054970e+04
-1.236574901054229849e+04
-1.271470287394607112e+04
-1.225973005861561614e+04
-1.231017920815627258e+04
-1.247943767186703917e+04
-1.237334943136407492e+04
-1.252861086399510350e+04
-1.233516834210919842e+04
-1.226016042303446011e+04
-1.263367957992894117e+04
-1.273281521222435913e+04
-1.248015338450188574e+04
-1.243190494718494665e+04
-1.238336197760914547e+04
-1.214630901476190411e+04
-1.230922219882892932e+04
-1.231395617668049999e+04
-7.674152132535229612e+03
-1.256902947004288762e+04
-1.273565209293863518e+04
-1.219768931431610690e+04
-1.235620527011263221e+04
-1.199666604047469991e+04
-1.224122950166592091e+04
-1.253197253913276290e+04
-1.264447696674014151e+04
-1.243076694717264581e+04
-7.716448741401151892e+03
-1.247059171433663323e+04
-1.231368524449768847e+04
-1.259387013051973008e+04
-1.227603504198530572e+04
-1.224171415004495793e+04
-7.730967955280474598e+03
-7.575093848960496871e+03
-1.244255728079980327e+04
-1.230488927404724927e+04
-1.262998707000740978e+04
-1.238737731254792016e+04
-1.245924519671179405e+04
-1.204308987751124550e+04
-1.250973758301727867e+04
-1.252614022274742638e+04
-1.267692003380153983e+04
-1.186346178564720867e+04
-1.220382392109193461e+04
-1.229473277501643497e+04
-1.236460342066782869e+04
-1.237705831883997053e+04
-1.228528009657575058e+04
-7.820706485664009961e+03
-1.254137465529357905e+04
-1.238248800823955207e+04
-1.242814440678316350e+04
-1.264484721502593493e+04
-1.237497893036837741e+04
-1.244859718470286862e+04
-1.259321785001755234e+04
-7.666869913544002884e+03
-7.583312593567261501e+03
-7.656745587130216336e+03
-1.222870099905270945e+04
-1.224812869098021110e+04
-1.219150580157364129e+04
-7.886167609679268026e+03
-1.231604262260527321e+04
-1.265595390535604929e+04
-1.231254180434531008e+04
-1.230490514096564038e+04
-1.202165165650196832e+04
-1.223676421293344538e+04
-1.226758987574178354e+04
-1.264563438105782552e+04
-1.248711292360672633e+04
-1.230193678270089003e+04
-1.223698130685460092e+04
-1.271071884421554932e+04
-1.241636357043683711e+04
-7.471066559622264322e+03
-6.643343192030462887e+03
-1.218779043731885213e+04
-1.244407412708412812e+04
-1.258511572406431333e+04
-7.800718898782963151e+03
-1.240173537229221438e+04
-1.228620057833982537e+04
-1.230174063797729832e+04
-1.232483986597139847e+04
-7.807777830159524456e+03
-7.564039735634954923e+03
-1.242091829905501254e+04
-1.232368234678450426e+04
-1.236717554076129090e+04
-1.254077272993725455e+04
-1.245156009178089334e+04
-1.265747561779056014e+04
-1.217294117122934949e+04
-1.223432663262686401e+04
-1.235594830573962463e+04
-1.217105518361995382e+04
-1.251675439964050565e+04
-1.240812288356816862e+04
-7.858513438624693663e+03
-1.218403280626819833e+04
-1.231787826224733726e+04
-1.226739224841036048e+04
-1.231642065902443755e+04
-7.480635356847300500e+03
-1.240988461216649193e+04
-1.253052541370622203e+04
-1.221563821153464414e+04
-1.223834533032002946e+04
-1.264788331334793293e+04
-1.218459854338310834e+04
-1.263128391981348977e+04
-1.221875362358318125e+04
-1.241549455175118055e+04
-1.230353127232212864e+04
-1.217407827196765538e+04
-1.233540984177243627e+04
-1.239194438648450887e+04
-7.749268463374538442e+03
-7.679933314333207818e+03
-1.223944566680255048e+04
-1.260541319525859399e+04
-1.236869367339808741e+04
-1.241789457825026875e+04
-1.250331918433539067e+04
-1.235256970325536167e+04
-1.250656012552042375e+04
-1.223464444414601712e+04
-7.808859268202186286e+03
-1.244552695379166107e+04
-1.231795652173559392e+04
-1.240305524630808759e+04
-7.022164248898403457e+03
-1.229300034805919859e+04
-1.248298604453797452e+04
-1.242732952482419751e+04
-1.260543330484228318e+04
-1.244409800643981907e+04
-7.765478919248977036e+03
-1.257862210612496165e+04
-1.257786997563505793e+04
-1.235242891514674011e+04
-1.220697605546941122e+04
-1.219911909113142246e+04
-1.255443044335224113e+04
-6.714742792706369073e+03
-1.245024808961382587e+04
-1.232413965245385043e+04
-1.229373313038678498e+04
-1.269322949279326713e+04
-1.237954340967877761e+04
-1.237923375576546459e+04
-1.260887778633374000e+04
-1.215596634187707423e+04
-1.224259788668605870e+04
-1.218698273771523236e+04
-1.266683754350431445e+04
-1.224446858449117462e+04
-1.226592925099855893e+04
-1.222853347781285811e+04
-1.234211768866926286e+04
-1.234874562937458359e+04
-1.244040261379473304e+04
-1.248389757240011022e+04
-1.253588230810988352e+04
-1.218890294225597063e+04
-6.828784456427057194e+03
-8.108078977730496263e+03
-1.246209177709826326e+04
-1.246797419066341718e+04
-1.212066882731124679e+04
-1.249108775634540689e+04
-1.254845081427807236e+04
-1.241426537558102245e+04
-1.237706058286622647e+04
-1.254634739095390069e+04
-1.254942748327506706e+04
-1.234843412868497944e+04
-1.242798209897650486e+04
-1.259289489516252252e+04
-1.266835965531234797e+04
-1.236372110803294891e+04
-7.693006547793188474e+03
-1.243421156452791365e+04
-7.682540813279348185e+03
-1.217991172840133913e+04
-1.245374932292441008e+04
-1.264402571202168474e+04
-1.238054837097955715e+04
-1.260274264880552255e+04
-7.591916614640314947e+03
-1.227125412936491375e+04
-1.234719541727952128e+04
-1.267407623760268507e+04
