-1.154041387196471260e+04
-1.120063640990335443e+04
-6.962490602916720491e+03
-1.135868153476446969e+04
-1.147615476476333788e+04
-6.636692308975029846e+03
-1.129337551906458066e+04
-1.145640731788879202e+04
-7.006997649995259962e+03
-6.201958946747266054e+03
-1.124518449580046763e+04
-1.143361973550761832e+04
-7.155019846394107844e+03
-7.142658094345248173e+03
-1.125594710110377855e+04
-1.148162986397608620e+04
-1.122449528151804225e+04
-1.116419780594260556e+04
-6.975794907866958056e+03
-1.135939075415119623e+04
-6.294980625947602675e+03
-7.306970080870607489e+03
-6.402452957632754988e+03
-1.129781216481420961e+04
-6.933746292032771635e+03
-1.161299369789552657e+04
-1.124474784792350511e+04
-1.117821153350121131e+04
-1.103366892474548695e+04
-1.144339826259630900e+04
-6.902958046734325762e+03
-6.907898473218240724e+03
-7.031065031079019718e+03
-6.881013045474026512e+03
-1.123881550799332763e+04
-1.174334911741094220e+04
-1.139681264415123223e+04
-1.144001105290429223e+04
-6.392914471940963267e+03
-1.178981678989620195e+04
-1.130452260969807685e+04
-6.810605651639724783e+03
-1.140013449118200151e+04
-1.147986884057831048e+04
-6.875800004105925836e+03
-7.001444721543512060e+03
-1.124593725771696882e+04
-1.124925491620152934e+04
-1.133111013126427315e+04
-1.097077755314028400e+04
-1.115870231727844839e+04
-1.125910518868122563e+04
-1.128125099389773641e+04
-6.984347387831004198e+03
-7.274648969403116098e+03
-6.954838427409050382e+03
-1.124085240936911759e+04
-7.213294846537675767e+03
-1.146941189100342126e+04
-6.735776574529394566e+03
-7.244296628848098408e+03
-1.095838533107743206e+04
-7.137397035920978851e+03
-1.122005521482697259e+04
-1.139331871908345056e+04
-1.137473137903761926e+04
-1.143920326372876116e+04
-6.172864258397734375e+03
-1.134997657700760828e+04
-1.092625389906973396e+04
-7.184919076952824980e+03
-1.113965937739351830e+04
-6.973482601601087481e+03
-7.076944447643362764e+03
-6.611254239009296725e+03
-1.147105007530702096e+04
-6.385096122689370532e+03
-1.130296348567023597e+04
-1.116423627737716561e+04
-1.101857551604495166e+04
-7.210163474289491205e+03
-1.150632453187298597e+04
-6.652507728982834124e+03
-6.925554443661711957e+03
-1.140951726550354942e+04
-1.139916496760676455e+04
-1.149767035920174021e+04
-1.144300262981931701e+04
-1.122850022940915187e+04
-1.129637390496227090e+04
-7.249448910242740567e+03
-1.122636384845460088e+04
-6.972074299744288510e+03
-1.154986875655836593e+04
-7.055425535368023702e+03
-6.906887453002558686e+03
-1.122687015082826838e+04
-1.119642700326168233e+04
-6.766311670579617385e+03
-7.058490160851109977e+03
-1.146347552398831613e+04
-6.869048942531902867e+03
-1.114801387898967732e+04
-1.139290932821737988e+04
-1.126932978446360175e+04
-6.051531015663375001e+03
-1.133080755575027433e+04
-1.137056439061778110e+04
-7.088966071783151165e+03
-7.285190994175200103e+03
-1.106037737474169808e+04
-1.137271790108561254e+04
-1.138907771043541106e+04
-1.152262787215953540e+04
-6.961718357974107676e+03
-6.876629364560644717e+03
-1.144642448072012849e+04
-7.012985327869673711e+03
-7.041330739238906972e+03
-6.956279488709641555e+03
-1.120128298473530594e+04
-1.124215829677738475e+04
-6.445101432398756515e+03
-6.918083196959581073e+03
-1.095391595728130233e+04
-7.144294323279646051e+03
-1.102114501997382831e+04
-1.126679550274768008e+04
-1.141163345693781048e+04
-6.818845391097046559e+03
-1.134580391642245195e+04
-6.937846412088736543e+03
-6.136699469082008363e+03
-1.123320549249225951e+04
-6.578271962334639284e+03
-1.115938022884837847e+04
-6.860163791480234977e+03
-1.123516244610815011e+04
-6.557548228820513032e+03
-1.118179854256462568e+04
-6.772682002569657016e+03
-1.133548771716612646e+04
-1.128807448447024399e+04
-1.150518983604761706e+04
-1.118006829034785005e+04
-6.175565106644956359e+03
-1.119825964222174298e+04
-6.936143964285401125e+03
-1.136004066363326092e+04
-6.909036272484553592e+03
-7.089817782604867716e+03
-1.113426086607998150e+04
-1.099383966375637101e+04
-1.109422842291321467e+04
-6.923183264770165806e+03
-6.117606822189568447e+03
-6.267778437008905712e+03
-6.218275054258665477e+03
-6.906273730989509204e+03
-1.120157185989415302e+04
-1.129328659145007623e+04
-1.137436486787049034e+04
-6.147720581080191550e+03
-1.109868056939243797e+04
-1.118155490312099755e+04
-7.151530392340624530e+03
-1.134699726661262321e+04
-6.302424575377287510e+03
-1.152884736977261673e+04
-1.143621001920573144e+04
-1.104025968241908413e+04
-7.125783979915160671e+03
-1.135031921421513835e+04
-6.338833901458851869e+03
-6.877513702208151699e+03
-6.891791546071989615e+03
-6.803427988332318819e+03
-6.148387318579144448e+03
-6.991055502626779344e+03
-1.130104052555409908e+04
-6.996359700720478941e+03
-1.138528932101292776e+04
-1.121535266925544056e+04
-1.156614435482395857e+04
-6.979827937601669873e+03
-1.120377379295015271e+04
-1.124224628680284331e+04
-6.181925733851745463e+03
-1.127732863254613949e+04
-1.129283919711977614e+04
-1.136231779827544597e+04
-6.863566570206799042e+03
-1.120153404671560384e+04
-6.675598849310860714e+03
-1.114501052296306807e+04
-1.152221992378216055e+04
-1.124626540377745914e+04
-1.157119802568715204e+04
-1.176528759600433659e+04
-6.194846818238112974e+03
-1.134756983500978822e+04
-1.146148286152177025e+04
-7.044218618812188652e+03
-1.085877459772440125e+04
-1.131534029980859486e+04
-1.141331639889999860e+04
-6.999623815140156694e+03
-6.930643879891623328e+03
-1.136415870152986099e+04
-6.931074012665345435e+03
-6.981343412026924852e+03
-1.129154153299964855e+04
-1.099158776226390728e+04
-1.103138408315203560e+04
-1.130776414674463194e+04
-1.132203217495253921e+04
-1.133102518210992457e+04
-1.134646647666615536e+04
-1.134242845393828429e+04
-1.116637489585699223e+04
-6.922806738454535662e+03
-1.110116488755476530e+04
-1.122760071594594410e+04
-1.119238596382279320e+04
-1.106443146916321348e+04
-1.138594444252735775e+04
-1.117534781794723131e+04
-6.968575135433738978e+03
-1.136742860852924423e+04
-6.749629472153547795e+03
-7.129241747376535386e+03
-1.129466317293098655e+04
-7.128809418529987852e+03
-6.547608448947114084e+03
-1.104995159244037131e+04
-6.443293844709609402e+03
-7.094141936804206125e+03
-7.094499167792144362e+03
-7.086270806755374906e+03
-1.116260754127972177e+04
-1.112306624804796775e+04
-1.126721060311655128e+04
-6.340837272590523753e+03
-1.124427963916541557e+04
-7.048333408981749926e+03
-1.108909624744063331e+04
-1.158917181639732553e+04
-7.040713403574993208e+03
-1.126132528649163578e+04
-7.032559338410097553e+03
-1.097001944895494307e+04
-6.933464501921936971e+03
-1.136657488263880259e+04
-1.126929433216003599e+04
-1.109830389364507755e+04
-1.122609357563230878e+04
