-1.377994709647624950e+04
-1.384880793882554826e+04
-1.372214613485419795e+04
-1.380058230437877501e+04
-1.358002112235086861e+04
-1.371373301395033923e+04
-1.353363503318398944e+04
-1.427464232967330645e+04
-1.350927532450977742e+04
-1.387203934237061367e+04
-1.366281140346766006e+04
-1.350521315942434921e+04
-1.354958830267377016e+04
-1.405391616021648042e+04
-1.366509047732729050e+04
-1.338867012718771184e+04
-1.370656756759999189e+04
-1.377967037697824526e+04
-1.370210890024031323e+04
-1.352836237840178001e+04
-1.389313661269746262e+04
-1.369177022067300823e+04
-1.360010277258898896e+04
-1.360232631058450534e+04
-1.355659093465027399e+04
-1.387416562607187370e+04
-1.401964382028065666e+04
-1.375661105073080216e+04
-1.389552292290708829e+04
-1.379717852771449179e+04
-1.348642122283007666e+04
-1.381546407398870178e+04
-1.365923087007326831e+04
-1.339598035094579791e+04
-1.389223352040749523e+04
-1.364468865841154729e+04
-1.342469173364532253e+04
-1.341929935485341048e+04
-1.367164468115397176e+04
-1.393801011442036906e+04
-1.386357445775403539e+04
-1.405968050645569019e+04
-1.352194157243546761e+04
-1.374627495745386659e+04
-1.354318245456268596e+04
-1.381854039020572236e+04
-1.385029944883097778e+04
-1.404680442114747166e+04
-1.361002801673185422e+04
-1.350322008069414005e+04
-1.379040795503652589e+04
-1.360465553798321343e+04
-1.392575336875101493e+04
-1.362171304118050648e+04
-1.332319551465124459e+04
-1.339866756513515611e+04
-1.333556353549645974e+04
-1.366073918600962497e+04
-1.388010595146869855e+04
-1.393899590081626229e+04
-1.358058902478144591e+04
-1.411730876105346215e+04
-1.364759147115037922e+04
-1.364069392226940909e+04
-1.382436783119613028e+04
-1.384469208981308293e+04
-1.349289905576395358e+04
-1.359099294978878061e+04
-1.371259854677522526e+04
-1.356134684259170899e+04
-8.461946881519968883e+03
-1.369148250391240981e+04
-1.362141414172134864e+04
-1.388513462824801536e+04
-1.368577694751070703e+04
-1.360196340999082713e+04
-1.346229649646649341e+04
-1.366187973798931853e+04
-1.351444938642612760e+04
-1.372254066425164274e+04
-1.376686744213008569e+04
-1.389501975755579406e+04
-1.407831027859721326e+04
-1.351917179244764884e+04
-1.338480003047321770e+04
-1.354795561558075497e+04
-1.366078704898775140e+04
-1.373898278181763453e+04
-8.523803349668542069e+03
-1.362096235831192826e+04
-1.373653957008207180e+04
-1.374558308353805842e+04
-8.480279097271111823e+03
-1.373620158592199732e+04
-1.357697471317134114e+04
-1.362986446201832950e+04
-1.363063919311406971e+04
-1.387083980976579915e+04
-1.405113478478006436e+04
-1.363348071029626954e+04
-1.354670183079132221e+04
-1.346094151289706315e+04
-1.388171583050873051e+04
-1.339227726787590291e+04
-1.348428342384847747e+04
-1.390502910630492624e+04
-1.355554488198030413e+04
-1.347997369764886753e+04
-1.364272900067418959e+04
-1.375635154678769504e+04
-1.359544677129320189e+04
-1.365116320654089759e+04
-1.358285076419749203e+04
-1.380124487173412854e+04
-1.376830385612258942e+04
-1.341014698638617301e+04
-1.379507793355933427e+04
-1.382601039159170796e+04
-1.353124994548086579e+04
-1.368138500941200255e+04
-1.352000393365216951e+04
-1.351385830200812052e+04
-1.375177276680435898e+04
-1.334775126555280985e+04
-1.363979363737169115e+04
-1.354909100652883353e+04
-1.381300627311672724e+04
-1.357456144182674689e+04
-1.402881250532061131e+04
-1.381305090409266813e+04
-1.382449124512825802e+04
-1.314198609952606421e+04
-1.338911393559613862e+04
-1.377061801862730135e+04
-1.370250977286592206e+04
-1.353537922386431273e+04
-1.347898325648081118e+04
-1.358835660499186270e+04
-1.349899312869884307e+04
-1.348426282457697016e+04
-1.358214357405750525e+04
-1.368804586608107820e+04
-1.323797452031857574e+04
-1.338627894260894027e+04
-1.366532145699209468e+04
-1.382729641359637026e+04
-1.370537916388370468e+04
-1.376526694399066037e+04
-1.360371711973985475e+04
-1.364390062988650425e+04
-1.370138493590068174e+04
-1.390707478492256087e+04
-1.383500542244027201e+04
-1.363921945402834899e+04
-1.362180594097927678e+04
-1.365512464619911952e+04
-1.373208295078072115e+04
-1.345867138119403717e+04
-1.359483748774328706e+04
-1.349185560371023530e+04
-1.349617984422437621e+04
-1.378396371614056261e+04
-1.366128338952468221e+04
-1.370150734057424415e+04
-1.377048927591783286e+04
-1.374370868002296447e+04
-1.359600574423583384e+04
-1.351998349557772781e+04
-1.357766399703196475e+04
-1.350273682671600909e+04
-1.345469299870965369e+04
-1.388658185200058688e+04
-1.351727975421757401e+04
-1.373265317935401799e+04
-1.350496606738008995e+04
-1.344308234731056837e+04
-1.334658110417307762e+04
-1.386822945882227759e+04
-1.364249923938095162e+04
-1.363212599714672615e+04
-1.344398844196666869e+04
-1.359898989098132552e+04
-1.337447435085658981e+04
-1.339438308288681219e+04
-1.372744111074245484e+04
-1.384399490005350526e+04
-1.367267771681195700e+04
-1.368562448085851611e+04
-1.364919020402733986e+04
-1.366865815364851551e+04
-1.378829276195388229e+04
-1.380527026742667658e+04
-1.358512708151018887e+04
-1.410937479541114408e+04
-1.335515864830673490e+04
-1.367777589562750290e+04
-1.349239056143866583e+04
-1.365611910986554722e+04
-1.368040974919740256e+04
-1.335309445034634518e+04
-1.387261799541262917e+04
-1.395642140719934469e+04
-1.363028372034775384e+04
-1.374628239301401300e+04
-1.379361270613300439e+04
-1.371582969875765411e+04
-8.310175031984475936e+03
-1.368231443482281975e+04
-1.368992686381210842e+04
-1.380756242125617791e+04
-1.352851685892899877e+04
-1.374878602461669288e+04
-1.375318322075081051e+04
-1.373610167781083146e+04
-1.380177982159514977e+04
-1.368605145159702261e+04
-1.367581648386514098e+04
-1.357172216090976326e+04
-8.545064925064345516e+03
-8.770131394338190148e+03
-1.378082771978590426e+04
-1.373933786482160031e+04
-1.359840735794864304e+04
-1.353857894102364844e+04
-1.370986618880761489e+04
-1.383770277405234447e+04
-1.378702602477806431e+04
-1.342987949820937683e+04
-8.434248349203517137e+03
-1.418206210673719579e+04
-1.318207031686084702e+04
-1.377070011796525432e+04
-1.350240483722599311e+04
-1.340015122134457488e+04
-1.383614036691166075e+04
-1.379106756592441525e+04
-8.464859803465617006e+03
-1.357961109011452209e+04
-1.362715595929541814e+04
-1.345507210263030902e+04
-1.328819292514767039e+04
-1.399754319906303681e+04
-1.387308287336184912e+04
-1.370769026908106025e+04
-1.362874566463712654e+04
-1.399181871993825371e+04
-1.394875847505974889e+04
-1.368845229952546106e+04
-1.355523177156070597e+04
-1.371179511476661901e+04
-1.360007823507557805e+04
-1.377502359485927445e+04
-1.391699181303791192e+04
-1.388368280606072403e+04
-1.389337569359134977e+04
-1.377681732035684399e+04
