-3.557672058476951520e+02
-3.157900586225333655e+02
-3.226937444099723393e+02
-3.442835257002860772e+02
-3.265917953347945968e+02
-3.314242543791441449e+02
-3.315886389909096579e+02
-3.338454694771805293e+02
-3.501105797291722865e+02
-3.491247100259396916e+02
-3.408136137287801262e+02
-3.650814657921608841e+02
-3.335741656437643883e+02
-3.404257370292332325e+02
-3.407848605319711623e+02
-3.345643948854572614e+02
-3.513782108662551309e+02
-3.137919574954601103e+02
-3.391482331849547904e+02
-3.278809035952828026e+02
-3.261132151393623531e+02
-3.313278123278855674e+02
-3.363503369607303739e+02
-3.299513402008324761e+02
-3.167271258761533659e+02
-1.021393279493570117e+04
-3.182544629757825874e+02
-3.485057809713618440e+02
-3.072674762455398536e+02
-3.329669590164406259e+02
-3.406297037632061802e+02
-3.254615131164449053e+02
-3.215994458117152135e+02
-2.929478238935604395e+02
-3.320123139527341323e+02
-3.365891544784984717e+02
-3.285438839391883334e+02
-3.277484327078437332e+02
-3.137906296584150141e+02
-3.513366393768810667e+02
-3.438121097680945013e+02
-3.397998534339407684e+02
-3.303858185916078583e+02
-3.658533109416827642e+02
-3.284372016868665014e+02
-3.328721041703194601e+02
-3.210554669534665209e+02
-3.495551767718451970e+02
-3.409262659959488815e+02
-3.333239399963011351e+02
-3.304109044962689836e+02
-3.479811086608863206e+02
-3.533539550440826247e+02
-3.180668594972042911e+02
-3.437124759292356089e+02
-3.491764491986661483e+02
-3.531911078637646142e+02
-3.419576596202787186e+02
-3.456560890642259665e+02
-3.278292739942620528e+02
-3.178746671155463446e+02
-3.220507984201879594e+02
-3.486829626074800785e+02
-3.364856808952220035e+02
-3.462866203519571400e+02
-3.753923938611766857e+02
-3.355869953479957530e+02
-3.351360936551780583e+02
-3.068260705705824876e+02
-3.378953188568230530e+02
-3.326048912461333202e+02
-3.369072683338205820e+02
-3.292617439512192732e+02
-3.220414952970226636e+02
-3.252095796883461958e+02
-3.329250559555680979e+02
-3.172747996094190057e+02
-3.278238369875368790e+02
-3.888774227875783822e+02
-3.173727993290677887e+02
-3.490881062290087016e+02
-3.274207821191433254e+02
-3.136651049839628627e+02
-3.573259709546144904e+02
-3.288631383770340904e+02
-3.383926883672117469e+02
-3.368618851856560923e+02
-3.896120434296715302e+02
-3.375365275173091959e+02
-3.522413980797658724e+02
-3.237722824430137507e+02
-3.444514255530687592e+02
-3.477689066165968939e+02
-3.352296406565946540e+02
-3.451699041411553708e+02
-3.076982171082958075e+02
-3.254980901937748854e+02
-3.582206668081884118e+02
-3.530466598985032078e+02
-3.473070451616894161e+02
-3.495014526135372535e+02
-3.520433354127972052e+02
-3.366921354652129708e+02
-3.194944001897858925e+02
-3.507840046970852654e+02
-3.404054530914222596e+02
-3.436353680183378287e+02
-3.118112403875543350e+02
-3.553907151668336724e+02
-3.235715886278157427e+02
-3.137854233579158745e+02
-3.082134091891700791e+02
-3.234785085602906065e+02
-3.183230404262555453e+02
-3.004786324582354951e+02
-2.920644291424432026e+02
-2.984617661065994980e+02
-3.348898111318360975e+02
-3.475086990664095197e+02
-3.363720934741236874e+02
-3.451263359046025130e+02
-3.530685443294374295e+02
-3.571514353356676565e+02
-3.567644192446574039e+02
-3.513799704668038544e+02
-3.517134946700512614e+02
-3.405632406529639979e+02
-3.164332478843871286e+02
-3.345522798057214118e+02
-3.361376493656683806e+02
-3.407144107593424565e+02
-3.231926933939097921e+02
-3.363976109512107087e+02
-3.414385222506392097e+02
-3.673026834471152142e+02
-3.272257557580621778e+02
-3.487821777853357048e+02
-3.189626089941561986e+02
-3.300641336537869392e+02
-3.157949945727035015e+02
-3.462408336679858962e+02
-3.303511116571713160e+02
-3.226097747173864718e+02
-3.407388042129003907e+02
-3.217034781365653089e+02
-3.233660103431710695e+02
-3.324747124014463111e+02
-3.382805340441674957e+02
-3.496819383969104251e+02
-3.295058387849561541e+02
-3.528684436152620378e+02
-3.438940488427878677e+02
-2.997565657893462117e+02
-3.409499887173128627e+02
-3.592510114880660126e+02
-3.416905062587971429e+02
-3.369070672100997399e+02
-3.387972360148422695e+02
-3.376904589152845233e+02
-2.912865825675030464e+02
-3.305399312452128697e+02
-3.322393622483914442e+02
-3.139332807400847400e+02
-3.543004578573165304e+02
-3.300718829026512822e+02
-3.197894673128575391e+02
-3.231821896211365583e+02
-3.028206417869630513e+02
-3.160159659005138906e+02
-3.252943942654244438e+02
-3.014326066392919188e+02
-3.148137042101292309e+02
-3.524054617862016698e+02
-3.659694646057224077e+02
-3.324516659513761283e+02
-3.509228862156325590e+02
-3.156118387594099204e+02
-3.069767820592084604e+02
-3.223228108269083236e+02
-3.297090887890711883e+02
-3.405740569400646223e+02
-3.466415929006753345e+02
-3.390286746635337067e+02
-3.143851213174962709e+02
-3.515421357594086089e+02
-3.351945646509191192e+02
-3.218522405827926036e+02
-3.145229149405215026e+02
-3.535006440887557915e+02
-3.176205125246730177e+02
-3.146546571953337548e+02
-3.277483434397966562e+02
-2.987158618758322177e+02
-3.153352959933814645e+02
-3.364165732891916036e+02
-3.325354625082123334e+02
-3.205577144355831365e+02
-3.409230864641131689e+02
-3.487104139425475182e+02
-3.528558273423934111e+02
-3.327100710101857999e+02
-3.470146571741142338e+02
-3.315679048371363251e+02
-3.203473795703936275e+02
-3.457423917762077394e+02
-3.328768661718817725e+02
-3.401771479189067122e+02
-3.156171777927676203e+02
-3.221851130026372516e+02
-3.465348167644980322e+02
-3.400999059783942471e+02
-3.426475599211707959e+02
-3.232894903273904106e+02
-3.215359534216683528e+02
-3.140483577314959689e+02
-3.383217077227924392e+02
-3.340848513201010519e+02
-3.027432430884126120e+02
-3.288791792878125193e+02
-3.588503795550373070e+02
-3.286590353673209393e+02
-3.296468105605980554e+02
-3.303411236977488556e+02
-3.582917651473813407e+02
-3.334326628025289665e+02
-3.022410943606672618e+02
-3.039340816809065586e+02
-3.214479183302702836e+02
-3.621559500035746169e+02
-2.981006442325063404e+02
-3.581204499248615889e+02
-3.499876898612208720e+02
-3.328546113932263779e+02
-3.449122144011595879e+02
-3.221522367415203121e+02
-3.244554403621705774e+02
-3.462548228105824251e+02
-3.072620408451396656e+02
-3.302802652583378631e+02
-3.349539762694230944e+02
-3.179326416067161176e+02
-3.345236352485804332e+02
-3.304557132411786711e+02
-3.439954391197140353e+02
-3.321638582155482027e+02
-3.305449945844096078e+02
-3.481629338180212585e+02
-3.393236619529029667e+02
-3.315088135406519427e+02
-3.499979709260387040e+02
-3.663123792194814996e+02
-3.145991708603218626e+02
-3.051086618692361867e+02
-3.507564416920209851e+02
-3.138984449752134083e+02
-3.212869099963882036e+02
