-3.659406611057152645e+02
-3.269789488759423080e+02
-3.003374531266442773e+02
-3.663075874034367416e+02
-3.313331526676969929e+02
-3.126145353107892220e+02
-3.385748336005232773e+02
-3.500382853926553253e+02
-3.278870989458728786e+02
-3.218452634365374934e+02
-3.808716834114550238e+02
-3.332925046554954065e+02
-3.398027152849897448e+02
-3.605566480987778846e+02
-3.186266288181549271e+02
-3.236035386879840985e+02
-3.532112009818234242e+02
-3.061274013811027430e+02
-3.421932421877939419e+02
-3.383602300868587349e+02
-3.348554083411531792e+02
-3.201334582789928049e+02
-3.223987001265213053e+02
-3.298497448922519766e+02
-3.454458901513535238e+02
-3.203987666491278787e+02
-3.456386318130322479e+02
-3.448417451828523212e+02
-3.461842301154218262e+02
-3.472684082260221317e+02
-3.158197179387448728e+02
-3.159056073948875110e+02
-3.267187594627916951e+02
-3.216419872615927602e+02
-3.185439227877221242e+02
-3.311393400848276087e+02
-3.307054592005698055e+02
-3.439459696882982485e+02
-3.626518128947233777e+02
-3.178457423750236330e+02
-3.555148658181122983e+02
-3.699891103128593386e+02
-3.400289726681970706e+02
-3.456013516182393346e+02
-3.271766424262729629e+02
-3.266858867478245543e+02
-3.591657147877871239e+02
-3.258875513199415082e+02
-3.753914082701269308e+02
-3.319905621737775050e+02
-3.408661975115819018e+02
-3.526903323680337508e+02
-3.448671962575936618e+02
-3.287036098259080177e+02
-3.314922021456681591e+02
-3.035428811487141161e+02
-3.166230079916078921e+02
-3.161533076478037856e+02
-3.275416034851643303e+02
-3.403851001784408368e+02
-3.557579872829146552e+02
-3.123956842315308791e+02
-3.221426554184953943e+02
-3.212178765803164993e+02
-2.788136232181309424e+02
-3.361808825292063716e+02
-3.157252938476415807e+02
-3.214424444554729234e+02
-3.562650373271894750e+02
-3.101360294858404245e+02
-3.342909793948805941e+02
-3.473796309195682852e+02
-3.278881397046336019e+02
-3.566049454042082516e+02
-3.294452528453095397e+02
-3.339559655621354182e+02
-3.349417471581012364e+02
-2.907882318008244624e+02
-3.358242981756301901e+02
-3.357924553445146216e+02
-3.283063977549849142e+02
-3.317866624959757473e+02
-3.596460474789862474e+02
-3.422920463505683415e+02
-3.290271535842844628e+02
-3.314271722281337134e+02
-2.944127684708069523e+02
-3.168887895362584004e+02
-3.352811351399558930e+02
-3.351789098243840499e+02
-3.224892127050001704e+02
-3.396177627253129572e+02
-2.981568994855827555e+02
-3.342516891162503043e+02
-3.518740207658225359e+02
-3.213505901220173087e+02
-3.279564898286035373e+02
-3.516702879412228526e+02
-3.291158212462825645e+02
-3.174653463140608096e+02
-3.136945160967416086e+02
-3.418272338063043208e+02
-3.559325727141305720e+02
-3.547156594342188214e+02
-3.593631883650168675e+02
-3.208089810121552432e+02
-3.321758282135269269e+02
-3.154274795649748171e+02
-3.291008116957354446e+02
-3.588313625293366727e+02
-3.388036127376871605e+02
-3.365624154361892693e+02
-3.118985380125425877e+02
-3.404205065513161799e+02
-3.625802087935826989e+02
-3.352177846242956321e+02
-3.113546358616399061e+02
-3.304685540954092176e+02
-3.441051763956006084e+02
-3.299512661347392850e+02
-3.316954871070431636e+02
-3.371319776302904643e+02
-3.357770301229798520e+02
-3.334577425285762047e+02
-3.070082366895649102e+02
-3.513298938465661081e+02
-3.082457848492123276e+02
-3.683182241113358373e+02
-3.609346523511189275e+02
-3.193361290892907505e+02
-3.459066040769272377e+02
-3.692428235817914697e+02
-3.555859593179298486e+02
-3.510952396599400913e+02
-3.416765510489483404e+02
-3.425087572548583807e+02
-3.547231337190148679e+02
-3.259506737578809634e+02
-3.368437971645236644e+02
-3.095702655055688979e+02
-2.975597732264967021e+02
-3.412652462597308158e+02
-3.694326970639075398e+02
-3.379091167943723235e+02
-2.919284832252420756e+02
-3.302611406016816318e+02
-3.394160763021507137e+02
-3.347023812123654238e+02
-3.557028844365219129e+02
-3.172640346417420005e+02
-3.523029307934903045e+02
-3.229301223520927806e+02
-3.323800021200438550e+02
-3.383461091024763050e+02
-3.404946086405554411e+02
-3.368684832524542685e+02
-3.480088308048564159e+02
-3.373125661343510160e+02
-3.246915176304273132e+02
-3.228092766309323451e+02
-3.145899323069208435e+02
-3.415328966870279146e+02
-3.351369264467888343e+02
-3.030567056269189266e+02
-3.346030415150367503e+02
-3.235345234509637748e+02
-3.484424605832768407e+02
-3.223285431769807587e+02
-3.309744291031053649e+02
-3.178842619890366450e+02
-3.377334412234361025e+02
-3.219934989718576048e+02
-3.376960111947634005e+02
-3.267024263882893820e+02
-3.473916732866097732e+02
-3.363283577095991745e+02
-3.457262179762510073e+02
-3.770942190050337786e+02
-3.321956998342081420e+02
-3.377649941926592874e+02
-3.042114585539500808e+02
-3.542200727556880793e+02
-3.174344705484881501e+02
-3.253955335769664430e+02
-3.073735150905284286e+02
-2.868882108930420713e+02
-3.284949629204098187e+02
-3.179757124999813982e+02
-3.542776257512535381e+02
-3.291395968883712726e+02
-3.129261101134688943e+02
-3.159507129906971841e+02
-3.603942834751986766e+02
-3.253733467789619453e+02
-3.116416554796384730e+02
-3.309251938788217444e+02
-3.496971402850012964e+02
-3.172924719402699338e+02
-3.451002462430436708e+02
-3.080993308429405602e+02
-3.414880590643807636e+02
-3.358641120890137017e+02
-3.033173081096184092e+02
-3.171463419296350708e+02
-3.367555304741734972e+02
-3.050117690247500946e+02
-3.357330515186010871e+02
-3.476500755986011768e+02
-3.223101624608627844e+02
-3.395856686560908884e+02
-3.397365830358491507e+02
-3.388173264669280798e+02
-3.463015102221785355e+02
-3.122595216996205636e+02
-3.503280331978459117e+02
-3.180329549078719538e+02
-3.445610805151848126e+02
-3.387034982416668640e+02
-3.323189066875538629e+02
-3.196239671527076212e+02
-3.323169661344375641e+02
-3.422096605659002080e+02
-3.273431867027242674e+02
-2.837101002208020191e+02
-3.441793387964502813e+02
-3.459471942141336740e+02
-3.298848358151121829e+02
-3.428426365948485000e+02
-3.210822747147279301e+02
-3.173096801253198009e+02
-3.372580233781870334e+02
-3.687162950193472284e+02
-3.054761663405259355e+02
-3.207894619961604121e+02
-3.175251574747274503e+02
-3.511010117966003463e+02
-3.517194107683831135e+02
-3.204106530513564053e+02
-3.480323966003920759e+02
-3.156416511744681657e+02
-3.313925549256359204e+02
-3.515944979067889449e+02
-3.505110135244727871e+02
-3.612615555417078212e+02
-3.576330099102441977e+02
-3.198058261702569780e+02
-3.479425219230019479e+02
-3.275918611369468181e+02
-3.483802647295044608e+02
-3.150671007513458903e+02
-3.362706865128995446e+02
-3.066347727124305607e+02
-3.291956178975588614e+02
-3.244938225366356619e+02
-3.652704996550746159e+02
-3.470332231166162273e+02
