-3.445554726389824509e+02
-3.400439076254676252e+02
-3.394590872728268778e+02
-3.417953133827165857e+02
-3.257838424070544079e+02
-3.436518123422471831e+02
-3.031258744250823725e+02
-3.235779153237804735e+02
-3.213848926107434636e+02
-3.427729393690315760e+02
-3.199398299313531879e+02
-3.094714738096764108e+02
-3.209899093863182884e+02
-3.353977589998415851e+02
-3.325198821523947572e+02
-3.420514488083279048e+02
-3.484395242716480539e+02
-3.189834440814143477e+02
-3.398131819647418865e+02
-3.336665407065372619e+02
-3.644737852422466062e+02
-3.105114110654888009e+02
-3.386605514330662459e+02
-3.277792093774947944e+02
-3.308275874337608684e+02
-3.366674138482175067e+02
-3.578610616850865540e+02
-3.165231804652185019e+02
-3.427260270111744944e+02
-3.264985286840851018e+02
-3.482314413316513537e+02
-3.213566651139681767e+02
-3.113865629840508973e+02
-3.462489842588326496e+02
-3.596637131115861621e+02
-3.121952375964636417e+02
-3.342583494208653860e+02
-3.459838461295489083e+02
-3.363499073116397540e+02
-3.455508030591846023e+02
-3.318738207592032268e+02
-3.054620752995580233e+02
-3.343702385489826838e+02
-3.339671320552784550e+02
-3.321422840453463436e+02
-3.332988106000000812e+02
-3.422021114076825938e+02
-3.063624387220892231e+02
-3.868838227504467113e+02
-3.382743626131586439e+02
-3.339213344114458550e+02
-3.230335071764911845e+02
-3.258808006297954307e+02
-3.501954230990940573e+02
-3.421362987008540131e+02
-3.509020864172978804e+02
-3.258262548384603861e+02
-3.402798405691489734e+02
-3.194494555784265799e+02
-3.268350375268037169e+02
-3.156655326444504794e+02
-3.325417883840622721e+02
-3.439044765940053594e+02
-3.326744725334528994e+02
-3.410304667088203132e+02
-3.344390765526977134e+02
-3.183681866399340379e+02
-3.531453241164955443e+02
-3.225363867702347989e+02
-3.363035018083842829e+02
-3.166559595009900931e+02
-3.187954389288244101e+02
-3.206814271795671516e+02
-3.277940872477533958e+02
-3.219830599567558238e+02
-3.266232817195408984e+02
-3.500504273185686657e+02
-3.586448333522553185e+02
-3.282025003040868683e+02
-3.310632368669673156e+02
-3.423751320048692719e+02
-3.051244901018087603e+02
-3.421509827953007061e+02
-3.335806150684366003e+02
-3.381677649862106136e+02
-3.276775817161289410e+02
-3.565838298697831306e+02
-3.345865707985055906e+02
-3.543489851628575593e+02
-3.272267320000374298e+02
-3.253647700616952534e+02
-3.298900335223993920e+02
-3.320705463036745186e+02
-2.951887621291165829e+02
-3.529473942011339318e+02
-3.222475710490226106e+02
-3.541382134969710478e+02
-3.587252084481487486e+02
-3.421190792369980613e+02
-3.910078771912516800e+02
-3.187195292930334745e+02
-3.402303421807055201e+02
-3.437183162176852989e+02
-3.440248400266240196e+02
-3.233844476364477032e+02
-3.395640179820804860e+02
-3.279767332846208205e+02
-3.265111136880304343e+02
-3.378812316353376559e+02
-3.551206740595790166e+02
-3.486090462767977556e+02
-3.280486721710071265e+02
-3.236936339184509279e+02
-3.338555783216216923e+02
-3.456459761138764861e+02
-3.467773551016354645e+02
-3.676326064980688102e+02
-3.537776511634847338e+02
-3.419349296245603682e+02
-3.038991413668197197e+02
-3.162920737353481968e+02
-3.139234077065268025e+02
-3.155087690914853624e+02
-3.459810826536235027e+02
-3.599970189746229607e+02
-3.235961666782159227e+02
-3.178013845420747430e+02
-3.110865265180662504e+02
-3.362403780603551127e+02
-2.848272709749875844e+02
-3.332298568709443884e+02
-3.461390895464283517e+02
-3.638193228042372311e+02
-3.281312562530021069e+02
-3.252315094951010224e+02
-3.385587764923009217e+02
-3.426559670968216551e+02
-3.108278921995739665e+02
-3.163251442301662451e+02
-3.202165165361121240e+02
-3.428571826158660656e+02
-3.486398122385398324e+02
-3.618311376280457807e+02
-3.582002299980458702e+02
-3.401802882694104824e+02
-3.435526161138306520e+02
-3.350425986759856869e+02
-3.241164614386482299e+02
-3.308059865802079571e+02
-3.520216790230970219e+02
-3.331115841469227234e+02
-3.074890009533722832e+02
-3.271973796252838724e+02
-3.378127417676305981e+02
-3.586145390402428461e+02
-3.420705344979515417e+02
-3.075088878535530057e+02
-3.496548998257027279e+02
-3.507418022565303204e+02
-3.357646862021318270e+02
-3.202196360913239914e+02
-3.351665867648555377e+02
-3.516265092275739903e+02
-3.545062829646217892e+02
-3.498699847653498978e+02
-3.099567126958703511e+02
-3.223137885815423829e+02
-3.651693104001062125e+02
-3.400396801817556138e+02
-3.254833039161040347e+02
-3.171892667152865215e+02
-3.576381979445137063e+02
-3.140398863973888979e+02
-3.196717136777406267e+02
-3.158938384486925770e+02
-3.188155038319866890e+02
-3.383688080361121706e+02
-3.505152541659941789e+02
-3.267908180822236091e+02
-3.520706319815101892e+02
-3.058914520607499412e+02
-3.470305407645079754e+02
-3.230076975017965992e+02
-3.124615999061755360e+02
-3.408422891850149199e+02
-3.279156456674221545e+02
-3.493055912764846198e+02
-3.483244496271429966e+02
-3.783872980831167183e+02
-3.297829192095900908e+02
-3.508842688982351774e+02
-3.281752465720011287e+02
-3.276239939694120267e+02
-3.176369944109281960e+02
-3.171980606085406293e+02
-3.004084660824540833e+02
-3.440126003678015536e+02
-3.354760901239552027e+02
-3.406093522566972069e+02
-3.622910845422921966e+02
-3.521356544664323565e+02
-3.487251850824688972e+02
-3.315669672319893380e+02
-3.363719766003943619e+02
-3.088811994579810403e+02
-3.749316062708548429e+02
-3.470184479430134843e+02
-3.677869684249821489e+02
-3.420364259185436708e+02
-3.128721008256938489e+02
-3.526269098033301361e+02
-3.583661912879298370e+02
-3.093235115111085065e+02
-3.234282726890702975e+02
-3.537123943569448556e+02
-3.185620970430791772e+02
-3.616999689114924763e+02
-3.510039963471709257e+02
-3.258077105200430879e+02
-3.480728361330860139e+02
-3.234151248652775621e+02
-3.264961360446104095e+02
-3.278615413208559630e+02
-3.502940863628009538e+02
-3.332203134483319786e+02
-3.461798066574604036e+02
-3.662347419399794148e+02
-3.235109466677243404e+02
-3.412434040930862125e+02
-3.496322101881041249e+02
-3.407932175172140319e+02
-3.502765728737836071e+02
-3.192274480974537596e+02
-3.600284537664435334e+02
-3.617706350950359706e+02
-3.532943973846295762e+02
-3.259292028659944549e+02
-3.325059941870391640e+02
-3.344333534496224729e+02
-3.668890050329990800e+02
-3.278589971772195213e+02
-3.065897669476988767e+02
-3.117045955449077610e+02
-3.604880800939793630e+02
-3.453967142599578892e+02
-3.441625829444421356e+02
-3.368840019860177790e+02
-3.262262894857316837e+02
-3.076811325753362780e+02
-3.372872976101003815e+02
-3.324151541160884449e+02
-3.524859870873192449e+02
-3.404718573661258461e+02
-3.024816760098099735e+02
-3.369043477377093154e+02
-3.362744398268899317e+02
