0.000000000000000000e+00 -3.000000000000000000e+00 -3.000000000000000000e+00 -3.000000000000000000e+00 -3.000000000000000000e+00
1.000000000000000000e+00 -3.000000000000000000e+00 -3.000000000000000000e+00 -3.000000000000000000e+00 -3.000000000000000000e+00
2.000000000000000000e+00 6.270751125283048344e-01 6.351736538067151994e-01 1.758503530781160729e+00 1.155363629257640939e-01
3.000000000000000000e+00 8.436589725260154049e-01 1.490798540350852797e-01 2.270514475269732380e+00 8.467471281686167472e-02
4.000000000000000000e+00 1.294594936637028182e+00 3.050732977582983896e-01 2.331445857214692996e+00 6.428984426754180692e-01
5.000000000000000000e+00 2.163948247011320825e-01 1.519221540670739445e+00 2.508737610783067673e+00 1.515523732683495273e-01
6.000000000000000000e+00 8.904393893224422651e-01 2.812904490782163425e+00 2.342970990660427688e+00 9.519151805922738685e-01
7.000000000000000000e+00 1.077493170997575911e+00 7.989118467848378424e-01 2.199867445280543787e+00 6.961737894576349728e-01
8.000000000000000000e+00 1.074206811933059891e+00 4.305676030805560273e-01 2.445013664834831069e+00 6.508706329887974373e-01
9.000000000000000000e+00 7.521347968335394540e-01 5.519765976320670786e-01 1.717405130337243957e+00 6.366543726854234642e-01
1.000000000000000000e+01 8.691044553893155777e-01 7.007255422901270681e-02 2.264131239280069874e+00 1.775708742042643451e-01
1.100000000000000000e+01 1.633328147109815331e+00 1.384901209745581729e+00 2.199867445280543787e+00 1.342542993338409874e+00
1.200000000000000000e+01 1.674868679562871776e+00 7.263003921972670529e-01 2.211092146952849280e+00 3.245257903632901564e-01
1.300000000000000000e+01 1.489331867710592006e+00 1.006753287412526676e+00 2.075181468864899514e+00 5.637269108410147833e-01
1.400000000000000000e+01 8.009510232513137318e-01 4.124669738389141194e-01 2.264131239280069874e+00 5.147181335257013934e-01
1.500000000000000000e+01 9.709563811390069521e-01 5.359738755536855859e-01 1.901978777442639323e+00 5.465615368421776754e-01
1.600000000000000000e+01 1.309928573036493349e+00 1.134964155844165434e+00 2.270514475269732380e+00 1.273332721873899898e+00
1.700000000000000000e+01 1.167669757967698452e+00 4.445046097382686634e-01 2.199867445280543787e+00 2.473595190206477334e-01
1.800000000000000000e+01 1.545853304886999346e+00 1.465630546575281690e+00 1.901978777442639323e+00 1.372107419790351779e+00
1.900000000000000000e+01 1.164256696086710674e+00 1.013373615075772616e+00 2.054643134108943059e+00 1.082275790550050187e+00
2.000000000000000000e+01 -3.000000000000000000e+00 -3.000000000000000000e+00 -3.000000000000000000e+00 -3.000000000000000000e+00
2.100000000000000000e+01 6.648756989247828209e-01 6.815585954836406168e-01 2.264131239280069874e+00 4.974666715082712853e-01
2.200000000000000000e+01 1.120901012205186342e+00 8.318402571443902493e-01 2.199867445280543787e+00 9.862305318600251836e-01
2.300000000000000000e+01 1.883274096157886712e-01 1.098487585843239689e+00 2.211092146952849280e+00 9.266462652502026331e-02
2.400000000000000000e+01 4.225686550181836920e-01 4.393424945949789273e-01 2.003872259897869768e+00 1.250297475257405588e-01
2.500000000000000000e+01 2.017144056676315467e-01 5.879091240172777677e-02 2.004075566956553534e+00 6.589678527604465874e-02
2.600000000000000000e+01 -3.000000000000000000e+00 -3.000000000000000000e+00 -3.000000000000000000e+00 -3.000000000000000000e+00
2.700000000000000000e+01 9.163563912180854309e-01 5.492004950133462238e-01 2.417999055006865738e+00 5.110729160438146623e-01
2.800000000000000000e+01 6.678176478885569090e-01 3.813841743414053687e-01 2.445215837618283761e+00 5.465178808058936966e-01
2.900000000000000000e+01 1.267854262812408761e+00 1.618573300243298263e+00 2.054846441483716646e+00 1.607065501922615880e+00
3.000000000000000000e+01 2.505526421230135359e-01 8.123870312881302513e-02 2.417999055006865738e+00 2.414453086580438668e-01
3.100000000000000000e+01 3.773951104663720857e-01 7.003395099811221547e-01 2.004075566956553534e+00 3.753502490215039900e-01
3.200000000000000000e+01 7.617319538810274349e-01 2.814081687781547547e+00 1.902181949325144394e+00 1.132724418390677501e+00
3.300000000000000000e+01 2.538518688812982371e-01 2.211199662265108112e-01 2.510862949649360853e+00 8.225995215409474814e-02
3.400000000000000000e+01 8.949197280712763991e-01 1.034559239659747609e+00 2.180991638763393858e+00 1.049604472348810713e+00
3.500000000000000000e+01 6.011200950263327902e-01 1.402842703425509763e+00 1.717607509775904928e+00 9.196417532798306649e-01
3.600000000000000000e+01 4.203086385906269484e-01 3.688150690557359113e-01 2.054846441483716646e+00 6.253825685310714366e-01
3.700000000000000000e+01 -3.000000000000000000e+00 -3.000000000000000000e+00 -3.000000000000000000e+00 -3.000000000000000000e+00
3.800000000000000000e+01 2.184224181917515384e-01 5.449266383852805484e-01 2.343182036927179190e+00 4.860524203508462815e-01
3.900000000000000000e+01 3.461100644591215136e-01 1.978878939002096382e-01 2.343182036927179190e+00 1.139593720174912200e-01
4.000000000000000000e+01 5.460668293956433272e-01 9.859569032285215862e-01 2.292928943931394237e+00 6.657514213905590950e-01
4.100000000000000000e+01 5.215983677786023565e-01 7.309399291622704631e-01 2.264334155951444938e+00 5.745583901910201741e-01
4.200000000000000000e+01 3.505979429351797627e-01 7.402763774726295321e-01 2.343182036927179190e+00 6.073781282697368056e-01
4.300000000000000000e+01 7.782697580931446923e-01 2.831163002666861050e-01 2.004075566956553534e+00 6.099876327898837713e-01
4.400000000000000000e+01 -3.000000000000000000e+00 -3.000000000000000000e+00 -3.000000000000000000e+00 -3.000000000000000000e+00
4.500000000000000000e+01 3.090020071583935435e-01 1.621760943022104370e-02 2.200070542391712625e+00 2.134320295913238186e-01
4.600000000000000000e+01 5.084040687114206314e-01 2.997136888485452677e-01 2.212308149939362423e+00 6.865759312927947056e-01
4.700000000000000000e+01 2.172288530805819573e-01 9.415015538776738691e-01 2.075384764800837889e+00 5.569816011499750807e-01
4.800000000000000000e+01 5.459940895738554234e-01 2.013701496420210013e+00 2.445215837618283761e+00 8.237176645819389575e-01
4.900000000000000000e+01 6.865283392465497680e-01 1.302643274607435897e+00 2.108729867265971780e+00 7.235533335065623683e-01
5.000000000000000000e+01 7.550649705454730576e-01 6.669896851214591749e-01 2.263877522367499839e+00 2.742662747166851323e-01
5.100000000000000000e+01 1.670249550964469032e+00 1.431681797354513952e+00 2.508485239306752046e+00 1.100280329363447773e+00
5.200000000000000000e+01 7.905613643586860695e-01 8.436326224181833755e-01 2.263877522367499839e+00 5.412721695894791019e-01
5.300000000000000000e+01 7.807322305483246350e-01 5.230921737389164772e-01 2.444760877282677658e+00 4.158770143460765456e-01
5.400000000000000000e+01 1.267798270447120235e+00 1.158325099806214675e+00 2.270260784008413246e+00 1.274715383088143916e+00
5.500000000000000000e+01 1.587188316964615487e+00 1.215416647866309097e+00 2.444760877282677658e+00 9.782514006881611879e-01
5.600000000000000000e+01 6.351662384289341601e-01 1.279370826524468763e+00 2.108272453040175964e+00 6.699337873312266600e-01
5.700000000000000000e+01 6.423745809220217096e-01 7.931548297860115948e-01 2.417543798120113774e+00 3.386147095243622340e-01
5.800000000000000000e+01 6.038550738605260593e-01 6.523817723889119291e-02 2.444760877282677658e+00 1.417545762330734913e-02
5.900000000000000000e+01 1.240339089325467770e+00 1.731043407515142851e+00 2.054388929787379858e+00 1.067225544907664858e+00
6.000000000000000000e+01 1.181737182159970478e+00 1.170546864451912805e+00 2.003618056284563576e+00 1.006053157453348224e+00
6.100000000000000000e+01 1.206849782710497143e+00 8.008208101569769255e-01 2.003618056284563576e+00 4.532760172787652087e-01
6.200000000000000000e+01 5.521581563210804511e-01 8.069053749578471990e-01 2.270260784008413246e+00 4.183516931236068714e-01
6.300000000000000000e+01 6.480694997302350879e-01 5.025256739854840893e-01 2.223044013223570925e+00 2.782716476390159621e-02
6.400000000000000000e+01 -3.000000000000000000e+00 -3.000000000000000000e+00 -3.000000000000000000e+00 -3.000000000000000000e+00
6.500000000000000000e+01 9.802150035562579022e-01 3.683774707427264206e-01 2.199613503065828368e+00 3.214624023980029999e-01
6.600000000000000000e+01 1.068710807796311002e+00 3.878909134371528178e-01 2.510408762089233026e+00 6.101687928243891834e-01
6.700000000000000000e+01 8.261835116993510031e-01 1.021042415041210905e-01 1.892813643841717575e+00 3.828378437071504048e-01
6.800000000000000000e+01 1.020713914802893862e+00 5.516677312278749357e-01 2.210838239637920033e+00 5.581528709413470235e-01
6.900000000000000000e+01 1.019912417118797654e+00 8.874332629825892882e-01 2.003618056284563576e+00 9.902539679383907112e-01
7.000000000000000000e+01 4.146611176987416991e-01 4.597091914131977708e-01 2.210838239637920033e+00 3.513762439024933903e-02
7.100000000000000000e+01 8.053807443282812173e-01 1.642377819484792667e-01 2.085210283279879118e+00 3.009796662493851027e-01
7.200000000000000000e+01 2.024001474824590030e+00 2.524903027007166401e+00 2.263877522367499839e+00 1.872626350419638985e+00
7.300000000000000000e+01 1.419545642629292947e+00 2.206321423363188039e+00 2.270260784008413246e+00 1.658532665113655158e+00
7.400000000000000000e+01 1.226235674632774719e+00 1.287613287696681708e-01 2.003618056284563576e+00 2.285997743064554222e-01
7.500000000000000000e+01 2.100897100641931026e+00 1.787296266879683515e-01 2.331871557501587144e+00 7.821439162706924630e-01
7.600000000000000000e+01 -3.000000000000000000e+00 -3.000000000000000000e+00 -3.000000000000000000e+00 -3.000000000000000000e+00
7.700000000000000000e+01 1.831875308583982953e+00 4.226129929025411736e-01 2.212531600597214432e+00 1.333767699050464328e+00
7.800000000000000000e+01 -3.000000000000000000e+00 -3.000000000000000000e+00 -3.000000000000000000e+00 -3.000000000000000000e+00
7.900000000000000000e+01 1.849677814135258780e+00 4.412647221935509512e-01 1.902405517410923341e+00 8.071674779714983483e-01
8.000000000000000000e+01 1.824476936453568010e+00 1.305614235564996228e+00 1.988853873680102247e+00 1.345759780847851639e+00
8.100000000000000000e+01 1.697723289509119882e+00 2.723855126220366407e-01 2.004299283220584371e+00 1.128118209034307151e+00
8.200000000000000000e+01 1.677780282240097343e+00 1.208826605865963022e-01 2.004299283220584371e+00 3.542920834306654831e-01
8.300000000000000000e+01 1.841898486872329377e+00 1.138723319642694687e+00 2.445438303957700565e+00 1.263192520979918854e+00
8.400000000000000000e+01 1.792518177920742195e+00 4.168151544607162085e-01 2.181215171493764871e+00 2.184994330604440316e-01
8.500000000000000000e+01 1.722604890598281591e+00 3.201060500451997082e-01 2.212531600597214432e+00 9.808838955610873489e-01
8.600000000000000000e+01 2.003813893429136517e+00 6.106849199132542427e-01 2.445438303957700565e+00 1.072824201526707988e+00
8.700000000000000000e+01 2.189644900226140667e+00 1.185575877959527125e+00 2.200294026722629415e+00 1.637720558427966600e+00
8.800000000000000000e+01 4.449996597684675592e-01 6.161395988046689531e-01 2.200294026722629415e+00 3.781892644532087733e-01
8.900000000000000000e+01 1.677114980257039978e+00 1.423403453134080898e+00 2.445438303957700565e+00 1.316876573976815790e+00
9.000000000000000000e+01 2.415352222061233789e+00 1.730275935743384341e+00 1.893494346973725095e+00 2.197706893443386988e+00
9.100000000000000000e+01 2.101466907363775949e+00 4.748780139741874406e-01 1.902405517410923341e+00 1.053656961714095175e+00
9.200000000000000000e+01 1.947540242820268608e+00 9.165858155004437124e-01 2.445438303957700565e+00 1.376748558822587398e+00
9.300000000000000000e+01 -3.000000000000000000e+00 -3.000000000000000000e+00 -3.000000000000000000e+00 -3.000000000000000000e+00
9.400000000000000000e+01 1.834026908036618053e+00 2.620149539472877986e-01 2.200294026722629415e+00 1.053154910219462392e+00
9.500000000000000000e+01 1.811781271897151324e+00 7.849870149618696225e-01 2.264557441474715382e+00 1.367016926718452208e+00
9.600000000000000000e+01 1.984321597594422171e+00 1.804122564911545767e+00 2.331871557501587144e+00 1.638967636517186355e+00
9.700000000000000000e+01 2.324102520473696476e+00 1.188244651014156217e+00 2.004299283220584371e+00 1.198403424354840263e+00
9.800000000000000000e+01 1.916118610172346193e+00 7.961539799026340347e-01 2.264557441474715382e+00 8.978416055848001953e-01
9.900000000000000000e+01 1.414756166830234196e+00 8.844337305027486495e-01 2.075608468468993717e+00 5.811193769952864852e-01
1.000000000000000000e+02 1.773052547363800802e+00 8.966031167147929803e-01 1.901324993768220395e+00 5.591637064673238289e-01
1.010000000000000000e+02 2.050968648325778076e+00 2.613498129981884355e-01 2.210438684897706008e+00 1.991441322412208503e-01
1.020000000000000000e+02 2.317619674136524033e+00 1.662918148154878539e-01 2.211451629667919416e+00 3.011239220058267163e-01
1.030000000000000000e+02 2.278446308487036998e+00 4.368971539740083010e-01 2.330793651735808325e+00 6.839290009560485828e-01
1.040000000000000000e+02 2.296803181449269537e+00 6.941770659215702466e-01 2.444363082346655336e+00 6.165827126296079541e-01
1.050000000000000000e+02 2.383690730127943080e+00 1.724631433505541711e+00 2.210438684897706008e+00 1.143117040763767411e+00
1.060000000000000000e+02 1.730057513918155987e+00 1.358404710436188045e+00 2.444363082346655336e+00 2.587605473073004148e-01
1.070000000000000000e+02 1.985130088377425883e+00 2.475830776500592967e-01 2.124967125490849096e+00 1.407973963346121349e-01
1.080000000000000000e+02 1.829665318077902114e+00 7.686734114162963039e-01 2.263478266675970296e+00 2.982793023919659281e-01
1.090000000000000000e+02 2.591350747463066373e+00 4.051538481085739662e-01 2.210438684897706008e+00 2.692075118158107627e-01
1.100000000000000000e+02 2.718897004580952625e+00 8.952846417364671572e-01 2.199213893532425246e+00 5.890615280554513111e-01
1.110000000000000000e+02 2.033916649256569897e+00 8.806041042943421049e-01 2.210438684897706008e+00 1.062012523228417216e+00
1.120000000000000000e+02 1.805861347420728347e+00 9.093834647398808535e-01 2.424103994513254978e+00 5.397492070344124260e-01
1.130000000000000000e+02 1.890059521450097479e+00 8.027767320287524377e-01 1.716753903927572544e+00 6.180991235657130600e-01
1.140000000000000000e+02 2.010294770928341634e+00 4.485195935965337055e-01 2.510011642120023367e+00 5.874671598639666925e-01
1.150000000000000000e+02 1.533957941782179812e+00 7.651878085838973442e-01 2.003218037904408444e+00 7.792212464038722475e-02
1.160000000000000000e+02 1.832345246507122161e+00 1.178703278854752901e+00 2.210438684897706008e+00 7.314407213086311366e-01
1.170000000000000000e+02 1.848361945207439794e+00 8.616856083577215664e-01 2.444363082346655336e+00 8.426575407096206227e-01
1.180000000000000000e+02 1.787355803963117662e+00 1.258028047272649497e+00 2.003218037904408444e+00 7.123953406149423628e-01
1.190000000000000000e+02 2.150571966418545422e+00 2.656380001819251269e-01 2.222644521503578385e+00 8.789654671339532932e-01
1.200000000000000000e+02 2.219687322624307235e+00 1.702545081566181340e-01 2.003218037904408444e+00 1.895394994946963951e-01
1.210000000000000000e+02 2.187720059144040885e+00 5.054752977173587042e-02 2.003218037904408444e+00 7.209035732461635537e-02
1.220000000000000000e+02 2.105244850313555904e+00 2.095183672049574786e-01 2.211451629667919416e+00 2.803747592070242045e-01
1.230000000000000000e+02 2.182264736142331518e+00 5.934376446477230838e-01 1.892413935853262785e+00 6.268767938492494363e-01
1.240000000000000000e+02 1.974103284148360116e+00 1.713393697763302637e+00 2.269861568615721303e+00 1.126485676556820748e+00
1.250000000000000000e+02 1.044811713667748165e+00 2.556850554559178534e-01 2.418586324182217862e+00 1.687033291934732504e-01
1.260000000000000000e+02 2.089308074664653958e+00 2.252826891542080823e+00 1.989220329879476834e+00 1.652660390307911120e+00
1.270000000000000000e+02 1.665866536693699995e+00 3.176828812922469214e-01 2.055436628688672052e+00 5.160492671034325740e-01
1.280000000000000000e+02 1.345016209527746254e+00 9.326702294193386367e-01 1.759294371737411211e+00 7.172335518035609647e-01
1.290000000000000000e+02 6.742065593828072689e-01 5.043791557666419401e-01 1.902771747247308243e+00 3.736294773000651825e-01
1.300000000000000000e+02 1.535789564281643704e+00 5.940609905890108511e-01 2.212897634616898923e+00 5.512825481447179987e-01
1.310000000000000000e+02 1.552552839025781006e+00 4.503165112704069495e-01 2.211884708349542095e+00 7.321778860334224870e-01
1.320000000000000000e+02 1.186639115609928963e+00 1.907739942928360355e-01 2.200660116015409340e+00 2.310834141877234904e-01
1.330000000000000000e+02 9.918719373430713304e-01 1.706294949383443393e-01 2.181581340249590273e+00 4.448225052610384894e-02
1.340000000000000000e+02 1.157887375687123521e+00 1.367258743488404815e-01 2.075469878509661914e+00 1.751013468349810198e-01
1.350000000000000000e+02 1.838831320253656143e+00 1.571147653962494672e+00 2.004665754503904385e+00 1.662612636434497304e+00
1.360000000000000000e+02 1.696031049822899206e+00 1.173461463486322964e+00 2.212897634616898923e+00 1.201441464317016594e+00
1.370000000000000000e+02 1.193253775033038089e+00 1.388094977541447728e+00 2.264923204523866751e+00 4.135686998807322490e-01
1.380000000000000000e+02 1.688058498856117362e+00 1.387120821969921591e+00 2.445802723692593883e+00 1.460582688375025473e+00
1.390000000000000000e+02 1.065742632600666040e+00 1.677491457209082215e+00 2.004665754503904385e+00 5.405467929664262705e-01
1.400000000000000000e+02 1.037398880192177630e+00 4.923419714910044487e-01 1.726965413021036344e+00 1.483709814799085702e-01
1.410000000000000000e+02 1.520720468265857273e+00 2.481224575683619038e-01 2.445802723692593883e+00 2.323064539747276558e-01
1.420000000000000000e+02 1.414722072884153858e+00 1.707006651420678756e+00 2.004665754503904385e+00 1.089961735469363369e+00
1.430000000000000000e+02 2.152347440450265825e+00 2.609551100334122964e+00 2.264923204523866751e+00 1.950303128602041802e+00
1.440000000000000000e+02 1.114581037473569847e+00 1.256347382333553808e+00 2.445802723692593883e+00 4.546097765752666331e-01
1.450000000000000000e+02 1.352767245107951766e+00 1.041433491550119994e+00 2.264923204523866751e+00 1.077649954647812880e+00
1.460000000000000000e+02 1.777110870414552179e+00 1.321229497507707462e+00 2.055436628688672052e+00 1.268806741830785123e+00
1.470000000000000000e+02 1.342141870624558253e+00 1.293231141665988515e+00 2.445802723692593883e+00 1.295870802233743513e+00
1.480000000000000000e+02 8.660732381947743308e-01 8.092970848472094691e-02 2.271306360232743682e+00 3.787167113341450425e-02
1.490000000000000000e+02 9.537701543266545734e-01 1.314255735592355867e+00 2.264923204523866751e+00 4.291411120342600305e-02
1.500000000000000000e+02 2.095236208661828137e+00 2.753674945076932445e+00 2.180962218531460550e+00 1.476126261905268189e+00
1.510000000000000000e+02 1.670047328437640477e+00 2.706142894352761008e-01 2.211265806290537039e+00 5.977001879955753383e-01
1.520000000000000000e+02 1.055470925367157253e+00 6.825684082806317277e-02 2.108700429217855277e+00 3.995374871990463317e-02
1.530000000000000000e+02 -3.000000000000000000e+00 -3.000000000000000000e+00 -3.000000000000000000e+00 -3.000000000000000000e+00
1.540000000000000000e+02 1.475121057835019345e+00 7.013398199717942871e-01 2.445186557664559501e+00 2.575036474022056043e-01
1.550000000000000000e+02 1.362120055417490594e+00 5.572551096473629118e-01 2.004046122633708737e+00 4.369604925554547159e-01
1.560000000000000000e+02 1.641565897246655359e+00 9.732446939452825685e-01 2.004046122633708737e+00 9.349772962274754962e-01
1.570000000000000000e+02 1.929490486462456689e+00 1.997055545444601066e+00 1.902152524549015400e+00 1.460546272647854860e+00
1.580000000000000000e+02 1.762410297862391007e+00 8.919481025318802825e-01 2.445186557664559501e+00 1.029190852439576531e+00
1.590000000000000000e+02 1.444529812246468481e+00 4.556236030875647769e-01 2.200041128523664735e+00 5.329040522398813540e-01
1.600000000000000000e+02 1.516432604117837091e+00 8.779443683085550454e-01 2.445186557664559501e+00 9.480185711870837695e-01
1.610000000000000000e+02 1.462332925876033585e+00 1.603152495996077453e+00 2.212278740499285412e+00 9.521715242803954204e-01
1.620000000000000000e+02 1.110183410389019132e+00 4.242923348873783862e-01 2.445186557664559501e+00 3.576837436764995215e-01
1.630000000000000000e+02 1.477618200440681262e+00 5.660839683978492465e-01 2.004046122633708737e+00 5.949004746466760585e-01
1.640000000000000000e+02 1.263693664447014031e+00 9.958646708577757467e-01 1.902152524549015400e+00 5.592516322011005236e-01
1.650000000000000000e+02 2.070452391092957978e+00 1.889061173219979128e+00 2.054816997128870337e+00 1.734553058975490725e+00
1.660000000000000000e+02 -3.000000000000000000e+00 -3.000000000000000000e+00 -3.000000000000000000e+00 -3.000000000000000000e+00
1.670000000000000000e+02 1.892608143464707737e+00 1.112110040744610062e+00 2.445186557664559501e+00 1.345294961610650208e+00
1.680000000000000000e+02 1.265813110927642704e+00 3.250315734476769830e-02 2.623835083134018031e+00 1.295963093676603950e-02
1.690000000000000000e+02 1.396446767957804758e+00 2.431782755418022468e+00 2.264304768229549847e+00 1.826180196168372336e-02
1.700000000000000000e+02 1.780586663966750693e+00 1.438873449783375502e+00 2.445186557664559501e+00 1.405307025965347734e+00
1.710000000000000000e+02 1.195299589789494243e+00 1.919417995772769447e-01 1.988600723647043544e+00 5.438302867387084100e-02
1.720000000000000000e+02 1.650699255160845924e+00 1.425623037207846000e-01 2.211265806290537039e+00 1.421266097338276801e-01
1.730000000000000000e+02 1.464160866063881850e+00 6.289371901832063738e-01 2.080298796502793035e+00 6.572347261288562503e-01
1.740000000000000000e+02 1.737323986465102887e+00 6.956301464284020408e-01 2.211265806290537039e+00 1.017806336779904397e+00
1.750000000000000000e+02 9.340269333862498691e-01 1.199919219564635542e+00 2.270712193271704926e+00 7.014215133641171773e-01
1.760000000000000000e+02 1.253785447600211045e+00 3.104658729781939464e-01 2.445210677954922307e+00 8.659820599519918449e-01
1.770000000000000000e+02 7.329810292798335514e-01 4.570934533807574640e-01 2.445210677954922307e+00 1.588208771431218747e-01
1.780000000000000000e+02 1.251258996600938422e+00 9.318598281161671881e-01 2.445210677954922307e+00 1.123700745627698394e+00
1.790000000000000000e+02 1.101865843323439398e+00 1.556094055035356805e+00 1.783891461068627837e+00 9.600898428381927641e-01
1.800000000000000000e+02 9.191827351468196960e-01 5.201923299090303043e-01 2.445210677954922307e+00 3.140408674003182243e-01
1.810000000000000000e+02 9.928357598231309922e-01 9.104695286409748567e-01 2.264328977296542700e+00 4.108125363720933065e-01
1.820000000000000000e+02 6.109842609676005010e-01 9.484359291945053394e-02 2.623859082780331420e+00 1.901392108221263907e-02
1.830000000000000000e+02 1.149111516973263525e+00 9.532114614527013030e-01 2.212302967457044911e+00 7.536989708662948928e-01
1.840000000000000000e+02 -3.000000000000000000e+00 -3.000000000000000000e+00 -3.000000000000000000e+00 -3.000000000000000000e+00
1.850000000000000000e+02 1.553767020047419178e+00 1.450012010068279844e+00 2.331643362486814475e+00 1.040774968562246272e+00
1.860000000000000000e+02 9.249921322720328076e-01 5.585829945753511411e-02 1.902176764138320708e+00 3.709027054583355909e-01
1.870000000000000000e+02 7.587201174890304545e-01 3.287600057050115154e-01 2.508934299449076644e+00 1.823857603262510341e-01
1.880000000000000000e+02 1.113834950582179406e+00 1.328748227379501268e+00 1.902176764138320708e+00 8.445538235638679891e-01
1.890000000000000000e+02 1.464380547892110584e+00 9.109510175597792525e-01 1.726372580473299223e+00 1.360948389321177343e+00
1.900000000000000000e+02 1.101727862589359397e+00 5.512346611700211785e-01 1.988624978323409787e+00 5.857998865278802869e-01
1.910000000000000000e+02 1.972961051311885150e+00 2.740342489153361871e+00 2.264328977296542700e+00 2.027904458720385605e+00
1.920000000000000000e+02 1.069532038984515765e+00 2.334254968726671819e+00 1.988624978323409787e+00 6.161428597007796715e-02
1.930000000000000000e+02 1.552301914727941545e+00 1.206249182038602541e+00 2.623859082780331420e+00 1.374037631462820874e+00
1.940000000000000000e+02 9.989477565432371975e-01 8.416821719215564768e-01 1.902176764138320708e+00 1.006177902265095847e+00
1.950000000000000000e+02 7.375630763010835311e-01 3.377501187934064952e-01 2.004070378325987445e+00 1.786277545539030898e-01
1.960000000000000000e+02 1.136589336281892626e+00 1.566063950875498989e+00 1.902176764138320708e+00 6.254892525780300083e-01
1.970000000000000000e+02 5.119157138918032368e-01 1.852732171649967563e-01 2.004070378325987445e+00 2.174671423533172318e-02
1.980000000000000000e+02 1.161718077952329509e+00 4.319102618681233685e-01 1.902176764138320708e+00 8.231019851766666617e-01
1.990000000000000000e+02 1.149451147236177251e+00 1.326198739950158023e+00 2.270712193271704926e+00 8.658361897361497306e-01
2.000000000000000000e+02 5.053827959106674816e-01 2.005422873175170206e+00 2.211818318531826755e+00 8.281244925795572254e-01
2.010000000000000000e+02 9.785750340837402472e-01 1.743800451841094779e+00 2.332170627601738655e+00 1.245140797188921900e+00
2.020000000000000000e+02 3.001404841426089654e-01 2.855246945952666926e-01 2.004599286031034211e+00 2.133422772931313771e-01
2.030000000000000000e+02 2.656354253156723022e-01 2.285523951415593946e-01 1.893794121021367571e+00 3.297617383763090659e-01
2.040000000000000000e+02 2.835829563301003886e-01 1.954540913401519253e+00 2.211818318531826755e+00 5.529027562358466152e-01
2.050000000000000000e+02 2.015097581884118527e-01 3.983410773356373391e-01 2.271240027195295497e+00 4.275895162301456831e-01
2.060000000000000000e+02 1.759456515105543239e+00 2.261907339744499534e+00 2.211818318531826755e+00 1.991281028205728720e+00
2.070000000000000000e+02 1.332824583889997416e-01 4.281420742909427396e-02 2.181514926820692146e+00 8.701448300485932486e-02
2.080000000000000000e+02 4.341590412068715293e-02 2.178660843585374929e-01 2.109253473178462901e+00 8.843618811947649705e-02
2.090000000000000000e+02 2.514580391580192864e-01 1.310101012078331628e+00 2.211818318531826755e+00 4.583653238966817756e-01
2.100000000000000000e+02 4.525400164733761610e-01 5.179618884005199320e-01 2.004599286031034211e+00 7.093456601864703837e-01
2.110000000000000000e+02 9.373277361400751406e-01 1.141728131664755397e+00 2.418520185002843270e+00 1.300586588873043237e+00
2.120000000000000000e+02 6.376370068295510452e-01 1.877571369560301573e+00 2.157216091003921310e+00 9.247999050997574022e-01
2.130000000000000000e+02 3.436759497283438658e-01 1.393869001319603340e+00 1.902705322448263292e+00 5.618767434449086773e-01
2.140000000000000000e+02 2.864214375982665137e-02 7.426994911350118800e-01 2.445736627690064946e+00 1.067970346857402414e-01
2.150000000000000000e+02 7.163747205487286385e-01 7.289140582662988477e-01 2.418520185002843270e+00 9.623995320225844918e-02
2.160000000000000000e+02 4.101989650976621826e-01 1.264229768466289094e+00 2.211818318531826755e+00 7.900817966650994784e-01
2.170000000000000000e+02 4.450273351186717075e-01 7.474354839564778530e-01 2.445736627690064946e+00 3.425726240558572000e-01
2.180000000000000000e+02 6.809233379488935922e-01 4.198970236842191062e-01 1.718128846487192884e+00 3.730919631830761363e-01
2.190000000000000000e+02 2.231484130460721915e-01 1.761547404566936592e-01 2.212831245652642220e+00 2.459253756784523515e-01
2.200000000000000000e+02 4.294854228575684663e-01 9.639259495822037893e-01 1.902705322448263292e+00 8.022990358577611891e-01
2.210000000000000000e+02 8.989486740884419236e-01 1.061344255961415461e+00 2.109253473178462901e+00 1.240663725458331923e+00
2.220000000000000000e+02 2.316884537130410315e-01 1.777429509468519742e+00 2.332170627601738655e+00 5.754603484292389881e-01
2.230000000000000000e+02 1.210391827306866730e-01 2.989450743472540362e-01 2.271240027195295497e+00 2.373825834880183561e-01
2.240000000000000000e+02 -3.000000000000000000e+00 -3.000000000000000000e+00 -3.000000000000000000e+00 -3.000000000000000000e+00
2.250000000000000000e+02 1.543415480563153031e+00 1.869771284315272786e-01 2.445741691046706912e+00 6.347829266760022238e-01
2.260000000000000000e+02 1.665114070868266127e+00 1.112068029568405780e+00 2.343700672550911968e+00 1.362151748028196829e+00
2.270000000000000000e+02 1.225066940370867830e+00 7.203167324518817694e-01 2.445741691046706912e+00 7.773708591761636644e-01
2.280000000000000000e+02 1.348461484525879772e+00 2.875545331806393379e-01 2.211823404393771231e+00 8.660367660336899531e-01
2.290000000000000000e+02 1.079488539550882864e+00 2.483886073886013568e-01 2.211823404393771231e+00 3.228484741267302338e-01
2.300000000000000000e+02 2.108705613524427314e+00 2.010968368109169901e+00 2.445741691046706912e+00 2.258251245512725269e+00
2.310000000000000000e+02 7.427220122747748565e-01 5.939992315921769350e-01 2.264861946778332857e+00 2.292688021213271921e-01
2.320000000000000000e+02 1.121229936518308712e+00 1.114110506344512697e+00 2.211823404393771231e+00 6.525599689579352214e-01
2.330000000000000000e+02 -3.000000000000000000e+00 -3.000000000000000000e+00 -3.000000000000000000e+00 -3.000000000000000000e+00
2.340000000000000000e+02 1.510562320766270394e+00 2.301213544013829271e+00 2.004604377915311986e+00 1.110949702190721533e+00
2.350000000000000000e+02 1.337590386435423051e+00 7.578525218850934442e-01 2.271245108708290772e+00 5.555185874329756635e-01
2.360000000000000000e+02 1.814180118480438475e+00 1.327613514838639430e+00 2.271245108708290772e+00 1.776624754269302553e+00
2.370000000000000000e+02 1.288706907985024408e+00 1.333289692656776548e+00 2.200598803580813279e+00 1.127147791338307670e+00
2.380000000000000000e+02 1.680243237521168664e+00 1.744178518635585373e+00 1.718133915259633548e+00 1.576893640906938732e+00
2.390000000000000000e+02 1.108954061764323429e+00 1.188007483239972517e+00 2.343700672550911968e+00 8.863851845031053278e-01
2.400000000000000000e+02 9.607259098957804389e-01 1.333721475853258287e+00 2.445741691046706912e+00 5.467070644871808716e-01
2.410000000000000000e+02 1.248959191880374409e+00 5.100473340777331721e-01 2.509464437247868940e+00 6.509171036024453683e-01
2.420000000000000000e+02 -3.000000000000000000e+00 -3.000000000000000000e+00 -3.000000000000000000e+00 -3.000000000000000000e+00
2.430000000000000000e+02 -3.000000000000000000e+00 -3.000000000000000000e+00 -3.000000000000000000e+00 -3.000000000000000000e+00
2.440000000000000000e+02 1.437556256621151274e+00 7.585800685427744883e-01 1.805238526065357396e+00 1.191060079788351489e+00
2.450000000000000000e+02 1.579549814274208375e+00 2.600852859768554293e-01 1.894543606795689561e+00 8.684646795757662296e-01
2.460000000000000000e+02 1.055558433035324928e+00 1.220599194132687249e+00 2.271245108708290772e+00 4.485171663677627873e-01
2.470000000000000000e+02 1.659922720794116735e+00 2.610063374924471269e+00 2.181520014490985648e+00 1.733820145726646000e+00
2.480000000000000000e+02 1.335080502734207863e+00 1.267171389787456359e+00 1.989158955801182183e+00 1.639544071727990993e+00
2.490000000000000000e+02 1.243292681744454731e+00 2.817077480503471509e-01 1.726904298056200826e+00 1.164069847492303772e-01
2.500000000000000000e+02 2.253145125715673380e+00 3.943529989973557637e-01 2.211955506714383013e+00 2.789932563876580951e-01
2.510000000000000000e+02 2.024876959805165022e+00 1.284940286563084344e+00 2.264993949501182158e+00 1.121770575679061466e+00
2.520000000000000000e+02 1.150300803503917058e+00 1.187146190361491271e+00 2.418656855189285526e+00 7.875185398611041221e-02
2.530000000000000000e+02 1.944792144157206693e+00 1.121112276950643638e+00 2.343832489652529549e+00 7.958486683874838041e-01
2.540000000000000000e+02 1.405071560309632428e+00 3.756061632914772797e-01 1.893931367490035989e+00 6.429909071805509635e-01
2.550000000000000000e+02 2.543334687172179365e+00 1.314614179899693314e+00 1.989291209328829968e+00 1.307567636361323338e+00
2.560000000000000000e+02 2.399443803519730078e+00 8.593956744172330797e-01 1.902842583071567839e+00 8.588196947610918786e-01
2.570000000000000000e+02 1.745200351995573662e+00 2.761601012409159450e-01 2.212968432071189984e+00 7.396209928375180320e-01
2.580000000000000000e+02 1.993378649386246870e+00 1.416176611958634091e+00 2.418656855189285526e+00 1.258475063510489766e+00
2.590000000000000000e+02 2.090309571846462156e+00 1.161803961970418131e+00 2.004736636844347775e+00 1.296364315700186287e+00
2.600000000000000000e+02 1.740222250851287011e+00 1.166274899654301533e+00 2.211955506714383013e+00 1.195709353482790949e+00
2.610000000000000000e+02 1.819009373717885403e+00 1.033636398781719645e+00 2.211955506714383013e+00 1.047064133492387361e+00
2.620000000000000000e+02 1.282150091353650989e+00 1.122481864554664810e+00 2.264993949501182158e+00 8.136944751391850250e-01
2.630000000000000000e+02 8.607059776587621114e-01 1.497989589671123056e+00 1.759365017992182256e+00 2.827871568678771985e-01
2.640000000000000000e+02 1.326542703653467825e+00 4.688536775617533903e-01 2.055507510861964260e+00 1.412404397120704536e-01
2.650000000000000000e+02 1.480949616403754332e+00 5.713263370580747846e-01 2.271377098023116048e+00 6.417892969089230570e-01
2.660000000000000000e+02 2.215000940026404130e+00 1.443946983745570956e+00 2.445873208646977215e+00 1.072690509334230713e+00
2.670000000000000000e+02 -3.000000000000000000e+00 -3.000000000000000000e+00 -3.000000000000000000e+00 -3.000000000000000000e+00
2.680000000000000000e+02 2.041612342703939653e+00 1.865620205027561207e+00 2.264993949501182158e+00 1.423469837051249742e+00
2.690000000000000000e+02 1.740735229448354904e+00 1.978781998370288397e-01 2.200730924176736991e+00 3.675618039149486926e-01
2.700000000000000000e+02 2.220423991002302699e+00 8.060748435088138653e-01 2.004736636844347775e+00 8.643967092479148961e-01
2.710000000000000000e+02 1.023630147662071943e+00 1.520762303932423842e+00 2.293588426246468970e+00 5.118728509934039606e-01
2.720000000000000000e+02 1.761640834915844556e+00 1.131903357382260250e-01 2.200730924176736991e+00 1.667967194846388668e-01
2.730000000000000000e+02 -3.000000000000000000e+00 -3.000000000000000000e+00 -3.000000000000000000e+00 -3.000000000000000000e+00
2.740000000000000000e+02 2.891834206369169102e+00 5.939762657620724084e-01 2.418656855189285526e+00 9.297703519752030799e-01
2.750000000000000000e+02 -3.000000000000000000e+00 -3.000000000000000000e+00 -3.000000000000000000e+00 -3.000000000000000000e+00
2.760000000000000000e+02 1.214911099385869386e+00 3.018303537021013727e-01 2.054586036360691814e+00 3.679909262675369885e-01
2.770000000000000000e+02 1.080364270235878221e+00 1.765715053631549569e+00 2.211035115998689626e+00 7.811742778879087190e-01
2.780000000000000000e+02 -3.000000000000000000e+00 -3.000000000000000000e+00 -3.000000000000000000e+00 -3.000000000000000000e+00
2.790000000000000000e+02 5.488622301316681273e-01 2.607130160392970852e-01 2.223240858471042802e+00 2.531788622370578223e-01
2.800000000000000000e+02 1.144877272229430032e+00 1.482696606862809130e+00 2.078619924582723488e+00 1.244107503000994486e+00
2.810000000000000000e+02 1.072712790034840769e+00 1.401967690310349512e+00 2.264074251117448533e+00 7.478676368525758456e-01
2.820000000000000000e+02 1.352079138948328207e+00 3.291184360037697765e-01 1.901921717875011852e+00 2.698833458612372449e-01
2.830000000000000000e+02 1.100486978655599746e+00 7.995728148427415638e-01 2.003815162278406614e+00 7.399670301038171472e-01
2.840000000000000000e+02 9.001132226673738135e-01 6.312000189203702538e-01 2.444956885492364673e+00 6.899271518961014316e-01
2.850000000000000000e+02 1.125233738115697379e+00 1.820392692310107030e+00 2.075124374313694897e+00 1.089984436199975759e+00
2.860000000000000000e+02 1.110740648831945121e+00 1.204960254202532610e+00 2.154962497069184302e+00 1.170673601910869221e+00
2.870000000000000000e+02 1.319296522372030767e+00 1.409102888191862801e+00 2.003815162278406614e+00 9.159559488131107097e-01
2.880000000000000000e+02 1.147560606635061875e+00 2.481488272451279897e+00 1.901921717875011852e+00 1.241800982926544394e+00
2.890000000000000000e+02 6.353042535058643914e-01 3.301772154637833689e-01 2.211035115998689626e+00 3.739520375837399602e-01
2.900000000000000000e+02 8.418712938912913391e-01 2.307127232519494975e-01 2.003815162278406614e+00 3.111192072208958659e-01
2.910000000000000000e+02 1.196529483732007959e+00 5.703498723066040554e-01 2.108469517758424061e+00 8.507108401728809000e-01
2.920000000000000000e+02 7.728012728659294783e-01 4.069522354306763789e-01 1.893010597657914129e+00 2.811700174541922337e-01
2.930000000000000000e+02 -3.000000000000000000e+00 -3.000000000000000000e+00 -3.000000000000000000e+00 -3.000000000000000000e+00
2.940000000000000000e+02 1.188897510265978008e+00 9.901589051377033268e-01 1.901921717875011852e+00 7.289209807830397958e-01
2.950000000000000000e+02 7.185958031665793388e-01 6.904315790900203975e-01 1.758446624874498765e+00 4.727381573054315056e-01
2.960000000000000000e+02 9.598911515278402140e-01 6.419643825936653947e-01 2.270457492871581717e+00 8.481400131361174211e-01
2.970000000000000000e+02 6.260532722909042391e-01 2.606197331580047960e-01 2.444956885492364673e+00 1.288959264544596584e-01
2.980000000000000000e+02 8.077231044693568007e-01 3.864863275701589940e-01 1.783636938199658850e+00 6.256416707100406205e-01
2.990000000000000000e+02 8.391769856018923557e-01 3.222848185412106881e-02 1.901921717875011852e+00 2.060139685757690631e-01
3.000000000000000000e+02 8.757241744402387562e-01 5.976192177463739430e-01 1.716908733050464209e+00 5.144033751488145123e-01
3.010000000000000000e+02 1.228391599070243645e+00 1.194275825984120187e+00 2.003373580699472800e+00 1.363325337759728306e+00
3.020000000000000000e+02 1.014466933326375164e+00 4.758131193754946975e-01 2.444517761290271540e+00 1.043298641689103912e+00
3.030000000000000000e+02 1.685459252850055156e+00 1.689148076218792704e+00 2.444517761290271540e+00 1.841420233255389727e+00
3.040000000000000000e+02 1.536826063033255030e-01 7.215892066678768202e-02 2.444517761290271540e+00 1.799777957084756908e-01
3.050000000000000000e+02 5.383723665362066813e-01 3.097754510667476424e-01 2.444517761290271540e+00 3.729441657032060986e-01
3.060000000000000000e+02 2.706633076010261374e-01 2.228342424752458029e-02 1.901480431890625100e+00 6.877338953123880716e-02
3.070000000000000000e+02 4.069019550574021760e-01 6.269720572242696299e-01 2.444517761290271540e+00 5.199046991572862098e-01
3.080000000000000000e+02 2.320103177926547411e-01 2.064200434412648555e-01 2.210594047792100003e+00 2.076272827604965232e-01
3.090000000000000000e+02 7.393903505213845762e-01 1.096679106478008370e+00 2.444517761290271540e+00 6.514128776515865082e-01
3.100000000000000000e+02 4.487527878109534574e-01 4.808994885944897768e-01 2.003373580699472800e+00 1.216073402003078896e-01
3.110000000000000000e+02 3.054545246327989849e-01 1.242912189638977760e-01 2.292228630778123222e+00 1.058769279334033364e-01
3.120000000000000000e+02 7.302620837042217428e-01 4.228873389079630951e-01 2.330948716245618613e+00 1.129502467941007754e-01
3.130000000000000000e+02 6.734202017432933118e-01 2.146195837308725873e-01 2.199369277714298132e+00 2.415098283233809706e-01
3.140000000000000000e+02 1.105853347915855434e+00 1.659139807190399107e+00 2.180290222755818963e+00 1.426687466192346765e+00
3.150000000000000000e+02 3.790375228042429656e-01 1.144017566674809805e-01 2.003373580699472800e+00 1.870518243386025403e-01
3.160000000000000000e+02 4.189262938316021256e-01 2.394493458938688479e-01 1.901480431890625100e+00 9.087741014204656076e-02
3.170000000000000000e+02 1.599632799931115235e-01 6.078335722975277688e-01 2.084965829849128038e+00 1.553568497279137206e-01
3.180000000000000000e+02 1.832613964251608607e+00 2.975099715446762438e+00 1.901480431890625100e+00 2.116409438812089316e+00
3.190000000000000000e+02 1.175486837769363246e+00 1.029195390613300676e+00 2.444517761290271540e+00 1.135752886156546237e+00
3.200000000000000000e+02 1.602704090551757332e+00 1.824164112030846718e+00 2.003373580699472800e+00 1.561651967227030369e+00
3.210000000000000000e+02 4.331579847746737100e-01 9.884202300630838545e-02 2.003373580699472800e+00 3.044041585069232614e-01
3.220000000000000000e+02 4.583374813131520509e-01 8.514127512912335050e-01 1.804010490240172793e+00 5.694659085693644096e-01
3.230000000000000000e+02 1.260529635992757025e-01 1.425913672210119554e+00 2.210594047792100003e+00 1.189562714985409608e-01
3.240000000000000000e+02 8.907375221351310213e-01 8.399899447150074305e-01 1.901480431890625100e+00 8.065600466741907892e-01
3.250000000000000000e+02 8.016248474716556327e-01 5.400487319847635526e-01 2.445201347106208623e+00 8.970167109752781309e-01
3.260000000000000000e+02 9.018058719297626924e-01 1.392735613349707746e+00 2.445201347106208623e+00 1.166827596555491731e+00
3.270000000000000000e+02 1.094490298432796438e+00 8.900363746099089202e-01 2.445201347106208623e+00 9.928562767050114202e-01
3.280000000000000000e+02 1.444423088376798336e+00 1.551635127020186466e+00 1.902167387135787369e+00 1.607932330951125977e+00
3.290000000000000000e+02 4.490993352016111051e-01 3.202641311947481695e-01 2.445201347106208623e+00 4.394023831820334514e-01
3.300000000000000000e+02 3.706073591633684550e-01 1.027403248700049732e+00 2.004060995094903319e+00 3.516243517741375335e-01
3.310000000000000000e+02 8.871651355533036742e-01 1.227743266879758766e+00 1.902167387135787369e+00 1.310934185589176737e+00
3.320000000000000000e+02 3.727829413793434243e-01 1.452483834764042081e+00 2.004060995094903319e+00 1.938670301701985177e-01
3.330000000000000000e+02 1.034462498041686329e+00 1.292442418364838863e+00 2.180977078826109139e+00 1.002028144477616012e+00
3.340000000000000000e+02 1.030959100031041187e+00 4.950089831331290213e-01 2.445201347106208623e+00 1.222549227144371642e+00
3.350000000000000000e+02 2.950705321173792139e-01 1.671416554097815976e-01 2.108715298510819736e+00 1.474333292732300793e-01
3.360000000000000000e+02 5.679925892537041054e-01 7.826346157497977851e-02 1.726363237433460984e+00 6.988752437730867406e-01
3.370000000000000000e+02 8.345875045339000708e-01 5.217708092371520223e-01 2.212293595343213237e+00 1.196221840597741393e+00
3.380000000000000000e+02 2.383624354382355981e-01 1.562144727486514950e-01 2.200055985604068898e+00 2.461062306891236839e-01
3.390000000000000000e+02 9.790201974302624732e-01 1.200642537468459503e+00 1.902167387135787369e+00 1.238852843466999420e+00
3.400000000000000000e+02 1.004246113782532035e+00 5.973428769645677816e-01 1.988615595485210497e+00 1.073225393203623756e+00
3.410000000000000000e+02 1.579113612091827656e+00 1.504948356857264580e+00 1.988615595485210497e+00 1.792018516416103768e+00
3.420000000000000000e+02 1.466140552222160665e+00 2.618478453266180228e+00 2.004060995094903319e+00 1.592555246802262126e+00
3.430000000000000000e+02 9.373860772926030371e-01 1.287232374122850631e+00 2.445201347106208623e+00 1.193509228748899309e+00
3.440000000000000000e+02 2.996029941973809008e-01 5.951122732973337381e-01 2.270702829027522629e+00 2.638571437017329657e-01
3.450000000000000000e+02 9.503784300873363566e-01 1.808778221545855436e+00 2.270702829027522629e+00 1.119539615810923872e+00
3.460000000000000000e+02 1.179196347916722898e+00 9.289040536757363631e-01 2.445201347106208623e+00 1.352454390194661515e+00
3.470000000000000000e+02 1.685762028751468522e-01 3.101983263285301717e-01 2.445201347106208623e+00 1.201957198206637933e-02
3.480000000000000000e+02 1.104214733306539742e+00 9.295518766483416018e-01 2.343167513480688857e+00 1.220118385007768369e+00
3.490000000000000000e+02 2.222876056768935682e-01 7.011772518163487955e-02 2.445201347106208623e+00 6.789401889340712648e-02
3.500000000000000000e+02 2.572963628389661195e-01 1.514768331630164944e-01 2.181775203744638070e+00 7.559665220226685634e-02
3.510000000000000000e+02 6.301445720024861918e-01 2.596809256004588562e-01 2.343963634023629172e+00 3.987057914794855940e-01
3.520000000000000000e+02 1.105576190489725441e+00 4.429325594544394895e-01 2.445995660101030200e+00 9.350161044847773439e-01
3.530000000000000000e+02 1.863229387034148754e+00 1.643815981694028538e+00 2.224284079768145350e+00 1.689310198434864629e+00
3.540000000000000000e+02 1.212058468890774066e+00 1.239193284217620539e+00 2.271499988872247133e+00 1.143309770028748895e+00
3.550000000000000000e+02 1.451430578819281836e+00 6.359658878386206249e-01 2.445995660101030200e+00 1.234115147178878047e+00
3.560000000000000000e+02 5.557379636272985479e-01 5.131343676665307552e-01 2.212078502856277940e+00 4.252012130106408438e-01
3.570000000000000000e+02 1.755697932689433749e+00 1.478765843957244863e+00 2.445995660101030200e+00 1.733538503841795198e+00
3.580000000000000000e+02 1.487434843418467656e+00 9.203957688245981705e-01 2.004859779113953078e+00 1.433832738351380920e+00
3.590000000000000000e+02 1.066207173743707770e+00 7.869577037660139274e-01 2.445995660101030200e+00 1.853940180494474677e-01
3.600000000000000000e+02 7.498417838790010226e-01 3.047552260507844363e-02 2.445995660101030200e+00 2.316112099065732177e-01
3.610000000000000000e+02 7.417645541185172720e-01 1.771794432266393660e+00 2.075663891712330678e+00 4.245839434609660068e-01
3.620000000000000000e+02 7.744749097138320382e-01 9.428684859772732407e-01 2.445995660101030200e+00 1.002110970517706034e+00
3.630000000000000000e+02 9.936362281476250891e-01 7.678233838623172991e-01 1.902965644671549938e+00 9.969680881229837643e-01
3.640000000000000000e+02 1.167843246971509208e+00 3.089116662080378939e-01 2.445995660101030200e+00 4.833883761613382291e-01
3.650000000000000000e+02 6.782077174769260974e-01 1.760267481302273673e-01 2.445995660101030200e+00 1.487764930608648228e-01
3.660000000000000000e+02 7.363133888061871302e-01 1.506468621987181178e-01 2.212078502856277940e+00 2.270048125238519066e-01
3.670000000000000000e+02 5.596620094795111688e-01 3.319747956679819922e-01 2.055630652776939016e+00 7.535784325829633645e-02
3.680000000000000000e+02 6.603800053536476033e-01 2.655610663109138070e-01 2.445995660101030200e+00 3.675483949324083732e-01
3.690000000000000000e+02 1.623933509102541750e+00 1.993901318561347669e+00 2.004859779113953078e+00 1.503073854954081412e+00
3.700000000000000000e+02 6.854658549738195106e-01 5.396993676387370487e-01 2.445995660101030200e+00 3.853069674863037197e-01
3.710000000000000000e+02 1.226581303199351991e+00 1.160798914754900046e+00 2.059870079194123793e+00 9.167188229092102514e-01
3.720000000000000000e+02 7.969845574269492916e-01 2.910875392508184833e-01 2.265116852842069317e+00 1.493848063282467165e-01
3.730000000000000000e+02 1.063776410602069067e+00 6.290997095500230341e-01 2.509717987268307304e+00 5.892702477125942861e-01
3.740000000000000000e+02 9.129858187838537642e-01 7.216567741916108947e-01 2.109513908879544264e+00 6.325309363077029623e-01
3.750000000000000000e+02 1.535871089387672361e+00 1.028876100746221267e+00 2.445530716728987919e+00 6.336488699865651109e-01
3.760000000000000000e+02 1.108096829687651663e+00 1.113603463844456826e-01 2.181308027541329686e+00 4.066296731549878807e-01
3.770000000000000000e+02 1.287787341219380988e+00 9.473078489612460906e-01 2.445530716728987919e+00 7.710960529224416549e-01
3.780000000000000000e+02 1.678753984567817215e+00 1.747931152364342600e+00 2.271033378148670678e+00 1.284977919787493095e+00
3.790000000000000000e+02 6.402347409513464704e-01 7.898439080623249620e-01 2.004392215764458918e+00 4.423134098391862806e-02
3.800000000000000000e+02 5.981647640500147300e-01 3.636942600208741272e-01 2.004392215764458918e+00 2.335136440082020634e-02
3.810000000000000000e+02 1.063952981420392296e+00 1.850382315467465899e-01 2.331964201401651060e+00 2.437428300017705218e-01
3.820000000000000000e+02 6.645318045911384752e-01 8.074326043893035321e-01 2.264650194728845989e+00 8.726609933728809998e-02
3.830000000000000000e+02 1.321484102017264961e+00 1.869098038465032863e+00 1.717922716932184679e+00 1.056587254243553486e+00
3.840000000000000000e+02 1.483317782282628894e+00 1.203217543861835104e+00 2.212624422511759281e+00 1.206538301707958061e+00
3.850000000000000000e+02 1.148966001714866625e+00 7.562839664998100009e-01 2.445530716728987919e+00 7.045183926891873671e-01
3.860000000000000000e+02 1.500828210895187365e+00 5.740612596540194401e-01 2.264650194728845989e+00 4.515960723823815859e-01
3.870000000000000000e+02 1.522275756570405703e+00 1.091302149442383129e+00 2.445530716728987919e+00 1.103661505447175450e+00
3.880000000000000000e+02 8.831226641493334917e-01 8.861187791917735090e-02 2.624177520205054126e+00 4.153423601478983818e-02
3.890000000000000000e+02 1.395351065607325136e+00 1.478683856594594559e+00 2.445530716728987919e+00 1.106546613401105716e+00
3.900000000000000000e+02 1.850371665148185407e+00 1.222500009016566747e+00 2.200386862640459018e+00 3.698422940500626366e-01
3.910000000000000000e+02 1.826998466264899479e+00 1.240794697362815002e+00 2.109046448006232310e+00 1.533348543066021863e+00
3.920000000000000000e+02 1.601482920161362511e+00 2.090405075998710061e+00 2.004392215764458918e+00 1.468531154696287588e+00
3.930000000000000000e+02 1.265059498798364990e+00 6.380469291680045396e-01 2.211611492734577133e+00 7.022873188911962217e-01
3.940000000000000000e+02 5.605270417816627937e-01 6.632974056526531603e-01 1.902498388575861954e+00 2.431431822104387127e-03
3.950000000000000000e+02 1.020840527016900756e+00 3.106045257450854580e-01 2.445530716728987919e+00 5.397927028646226644e-01
3.960000000000000000e+02 1.438543162225457639e+00 1.610541794495994772e+00 2.445530716728987919e+00 1.349582315224258311e+00
3.970000000000000000e+02 1.260275486081072094e+00 1.295565320497960027e+00 2.445530716728987919e+00 7.381718938174399725e-01
3.980000000000000000e+02 1.100188500313988627e+00 9.717955504969665315e-01 2.445530716728987919e+00 7.128315499597461802e-01
3.990000000000000000e+02 1.716612483769361486e+00 3.278163004985396034e-01 1.902498388575861954e+00 7.675745283106089056e-01
4.000000000000000000e+02 2.026098378450001680e-01 3.558955273673021780e-01 2.211849643712280766e+00 2.316369576884921289e-01
4.010000000000000000e+02 1.227752211645156244e+00 1.866626442376272843e+00 2.126379279811324352e+00 1.633328147109815331e+00
4.020000000000000000e+02 5.004759306144827002e-01 8.114284911334430639e-01 2.445767814247197691e+00 7.174442893213333061e-01
4.030000000000000000e+02 5.487165306098470419e-01 4.209446366223955072e-01 1.902736664116659204e+00 6.167797658170882658e-01
4.040000000000000000e+02 2.495052246364372339e-01 1.708282607742726139e-02 2.075939814218175083e+00 1.191077384418973290e-01
4.050000000000000000e+02 -3.000000000000000000e+00 -3.000000000000000000e+00 -3.000000000000000000e+00 -3.000000000000000000e+00
4.060000000000000000e+02 2.671028153308627195e-01 8.409579405058928980e-01 2.445767814247197691e+00 5.446416547999990421e-01
4.070000000000000000e+02 1.411762172629432488e+00 1.689102746039731651e+00 1.726930456456860830e+00 1.362341932430596536e+00
4.080000000000000000e+02 8.008819336377294151e-01 5.066153912969080242e-01 2.264888166319960039e+00 7.765573037482762508e-01
4.090000000000000000e+02 6.800070451954510764e-01 4.433959951747697414e-01 2.271271325587404633e+00 8.345875045339000708e-01
4.100000000000000000e+02 1.063423368425668647e+00 6.276244079249979624e-01 2.211849643712280766e+00 1.066472729159438915e+00
4.110000000000000000e+02 1.519073640910058587e-01 1.862486401595256247e+00 2.109284828590337391e+00 1.250297475257405588e-01
4.120000000000000000e+02 8.260953592634896481e-01 5.275115923904625248e-01 2.445767814247197691e+00 7.034585973292314387e-01
4.130000000000000000e+02 6.928080813499206680e-01 5.931810589695142300e-01 2.126379279811324352e+00 9.275520120854484629e-01
4.140000000000000000e+02 2.895376140941001153e-01 1.641331742721867382e-01 2.264888166319960039e+00 1.569427089921662521e-01
4.150000000000000000e+02 8.043064734421364603e-01 1.462721568895844149e+00 1.902736664116659204e+00 1.003893396151029904e+00
4.160000000000000000e+02 9.164136092715541304e-01 8.471447015411696091e-01 2.200625046527991735e+00 8.646881048949625059e-01
4.170000000000000000e+02 4.152894820060756276e-01 7.990553461505887078e-01 2.445767814247197691e+00 5.619060961471045168e-01
4.180000000000000000e+02 1.016481821019041609e+00 3.690349347623557152e-01 2.445767814247197691e+00 4.800666518346482503e-01
4.190000000000000000e+02 2.427617091376566283e-01 9.189640240205790844e-01 2.445767814247197691e+00 4.722336830217068737e-01
4.200000000000000000e+02 2.032751211728904273e-01 7.931716857501650564e-01 1.902736664116659204e+00 4.000088478404445480e-01
4.210000000000000000e+02 6.321482640269201481e-01 1.071701149282731524e+00 2.004630648312893726e+00 7.475527067627483202e-01
4.220000000000000000e+02 4.154670929349355002e-01 4.448052001381065934e-01 2.211849643712280766e+00 5.095881892617099007e-01
4.230000000000000000e+02 1.681375506533632658e+00 1.344633618569010203e+00 2.445767814247197691e+00 1.731346401978701932e+00
4.240000000000000000e+02 1.854450198535096961e-01 3.334733627049108473e-01 2.264888166319960039e+00 1.674505938573081151e-02
4.250000000000000000e+02 1.981546679228533003e+00 1.120812404959189212e+00 2.344224117989734069e+00 5.268323726731979351e-01
4.260000000000000000e+02 1.232988646708345959e+00 1.112305441193056216e-01 2.446255551676514983e+00 3.960483027536471252e-03
4.270000000000000000e+02 1.472077317159367738e+00 6.788238712605819403e-02 2.201115022046172154e+00 3.397134610896956897e-02
4.280000000000000000e+02 1.401984082449349689e+00 4.467010124990971609e-01 1.805754138707601486e+00 2.147785208257191880e-01
4.290000000000000000e+02 1.921092872702666821e+00 1.177074024754113601e+00 2.446255551676514983e+00 1.310667865032151269e+00
4.300000000000000000e+02 1.862305788714129884e+00 8.258483612372065352e-02 2.005121138765174393e+00 2.150350394275865051e-01
4.310000000000000000e+02 1.267938258814051089e+00 3.291764135693397986e-01 1.718648335641211444e+00 1.495242192298394668e-01
4.320000000000000000e+02 1.392239120555466281e+00 4.897141909884279443e-01 2.446255551676514983e+00 5.335381883462818331e-02
4.330000000000000000e+02 1.305096471845273554e+00 2.992029179020975205e-01 2.446255551676514983e+00 6.251841195489772629e-02
4.340000000000000000e+02 1.580117326809841405e+00 1.755398645777714317e-02 2.446255551676514983e+00 1.824749644272249394e-01
4.350000000000000000e+02 1.853924236041694762e+00 8.911981197903934282e-01 1.903226833704571463e+00 1.293668356363618654e+00
4.360000000000000000e+02 1.055449049712953169e+00 1.670296371983760686e+00 2.446255551676514983e+00 2.155279103585134859e+00
4.370000000000000000e+02 1.866295743458107337e+00 8.449143829036641629e-01 2.212339551358788015e+00 1.067424920929587184e+00
4.380000000000000000e+02 1.246175422522981746e+00 1.717850631677670936e-01 1.903226833704571463e+00 7.576005027876660247e-02
4.390000000000000000e+02 2.433104009762997677e+00 2.168434736430431276e+00 2.332690851566225465e+00 1.863371620240329207e+00
4.400000000000000000e+02 1.726263603957626236e+00 2.174057929351739249e-01 2.446255551676514983e+00 7.126861317776588267e-01
4.410000000000000000e+02 1.518930463638382689e+00 1.640438469852852688e+00 2.055892011405330511e+00 8.742355310716365402e-01
4.420000000000000000e+02 1.431384668264954474e+00 1.128766493885902555e+00 2.446255551676514983e+00 6.570169775761854902e-01
4.430000000000000000e+02 1.250820428394563644e+00 2.780288093956169715e-01 2.446255551676514983e+00 6.416045160537749981e-01
4.440000000000000000e+02 1.747792294992972062e+00 5.834518776404186147e-01 1.903226833704571463e+00 4.974808555359238049e-01
4.450000000000000000e+02 1.754820593112778049e+00 6.701082359300172264e-01 2.213352471768782248e+00 6.267700170800717396e-01
4.460000000000000000e+02 1.921489697331198343e+00 1.396211555293138451e+00 2.446255551676514983e+00 7.727674843332827948e-01
4.470000000000000000e+02 2.130140688463305398e+00 2.199695951465635790e+00 2.446255551676514983e+00 1.825935354254229814e+00
4.480000000000000000e+02 2.095799282980853828e+00 1.651760544066996239e+00 2.109775210226518372e+00 1.451035411086761151e+00
4.490000000000000000e+02 1.361106613406046772e+00 8.722029149354436628e-01 2.109775210226518372e+00 7.076864400268221278e-01
4.500000000000000000e+02 2.244206552258654619e-01 3.185067809952039086e-01 2.211424228665721081e+00 3.584486108610230627e-03
4.510000000000000000e+02 5.630218579524899347e-01 1.888761049426296024e-01 2.445344280326047670e+00 2.585875221426272089e-02
4.520000000000000000e+02 8.176448674369868330e-01 5.519273741378085685e-01 2.331777298782469643e+00 4.950568380257923673e-01
4.530000000000000000e+02 7.441264151894387835e-01 6.428561326440063173e-01 2.004204731088917057e+00 2.870160903724782719e-01
4.540000000000000000e+02 8.834188682635998324e-01 6.222090981518435537e-01 2.445344280326047670e+00 7.262916453147912899e-01
4.550000000000000000e+02 1.320554357787862898e+00 1.519032516169035896e+00 2.085796902849592183e+00 1.218326298896987403e+00
4.560000000000000000e+02 9.726445358369264493e-01 2.274151484751302466e+00 2.445344280326047670e+00 6.351969074003831484e-01
4.570000000000000000e+02 6.381285548199181479e-01 6.181527938505753106e-01 2.004204731088917057e+00 4.924942298877142410e-01
4.580000000000000000e+02 7.208366877464733591e-01 9.171893712149230549e-01 2.054975605701337749e+00 5.688911671667469250e-01
4.590000000000000000e+02 5.257095894717559448e-01 3.286101474472276074e-01 2.445344280326047670e+00 2.722497382699663460e-01
4.600000000000000000e+02 7.412036015830065772e-01 1.105086308171073783e+00 2.200199572732179476e+00 2.693374703428149108e-01
4.610000000000000000e+02 6.668154855807860715e-01 2.419239154377721968e-01 2.445344280326047670e+00 5.085752227491125987e-01
4.620000000000000000e+02 9.997117997653931498e-01 1.919471474596381455e+00 1.902311027833197388e+00 1.008405153308451929e+00
4.630000000000000000e+02 9.602686974298264566e-01 4.365922062396163650e-01 2.004204731088917057e+00 7.996562284188516445e-01
4.640000000000000000e+02 4.821913796620041492e-01 1.942342032527926698e-01 1.893399867183817031e+00 1.559277138454807643e-01
4.650000000000000000e+02 1.491234266857047741e+00 1.463060534020295789e+00 2.445344280326047670e+00 1.456371317959102019e+00
4.660000000000000000e+02 9.822636042584027560e-01 4.897728552563749838e-01 2.445344280326047670e+00 5.822326260317784996e-01
4.670000000000000000e+02 1.064836333532311219e+00 1.330873258269020143e+00 2.445344280326047670e+00 5.568206113288358683e-01
4.680000000000000000e+02 7.978629946355360048e-01 8.502297763957016308e-01 1.902311027833197388e+00 5.233653961953323996e-01
4.690000000000000000e+02 1.054793014791388206e+00 5.625440153304495094e-01 1.902311027833197388e+00 7.816845222667636595e-01
4.700000000000000000e+02 1.733932840999115488e+00 2.163309537954260175e+00 2.445344280326047670e+00 1.661764513863567716e+00
4.710000000000000000e+02 1.302896789974537617e+00 1.844387291497351589e+00 2.004204731088917057e+00 1.393197749958932530e+00
4.720000000000000000e+02 6.368078687301218510e-01 9.734295432829688233e-01 1.902311027833197388e+00 7.140601274894371464e-01
4.730000000000000000e+02 1.076911063472251184e+00 1.133535223338358877e+00 2.445344280326047670e+00 6.856560937540178147e-01
4.740000000000000000e+02 1.466985499457240438e+00 1.456142611666057851e+00 1.902311027833197388e+00 1.536727719974837258e+00
4.750000000000000000e+02 8.207301380561915494e-01 1.327160047883870098e+00 2.211707048793359665e+00 9.720815097961864604e-01
4.760000000000000000e+02 5.543928767466987928e-01 6.116862840267583978e-01 1.902593994396770016e+00 3.851989786435060514e-01
4.770000000000000000e+02 2.826306272481989845e-01 2.942840545731378321e-01 2.080740525274531016e+00 2.462741746927603892e-01
4.780000000000000000e+02 1.451071326063390954e+00 1.193191759148839681e+00 2.080740525274531016e+00 1.490168258946416247e+00
4.790000000000000000e+02 1.527315238139767550e-01 6.794748607695264009e-02 2.200482431897460511e+00 2.760148156355226798e-02
4.800000000000000000e+02 5.288925360934186859e-01 3.333817681079767614e-01 1.748943172320566619e+00 6.016156635701163102e-01
4.810000000000000000e+02 7.884902490072611680e-01 8.893367209175854216e-01 2.055258759149617642e+00 1.007197238225653102e+00
4.820000000000000000e+02 3.597955917665469627e-01 1.058287048956917387e-01 2.445625850215057628e+00 5.929270114614805243e-01
4.830000000000000000e+02 1.381397132435466801e-01 6.014536719081209348e-01 1.902593994396770016e+00 3.178939992497722966e-02
4.840000000000000000e+02 5.661968073985985672e-01 5.667531553197889815e-01 2.200482431897460511e+00 2.139064631766999791e-01
4.850000000000000000e+02 4.438099417453205131e-01 6.750994482300151089e-01 2.445625850215057628e+00 5.784801428188091066e-01
4.860000000000000000e+02 6.288458190118114688e-01 1.142294199262182675e+00 1.902593994396770016e+00 1.014739541544967816e+00
4.870000000000000000e+02 1.425570754045540622e-01 5.774103272930763975e-01 1.902593994396770016e+00 2.463011285036381670e-02
4.880000000000000000e+02 1.467831495325959912e+00 2.011608562009027601e+00 2.126236563377338573e+00 1.599588055390215979e+00
4.890000000000000000e+02 1.404556389016266837e-01 3.400588678247552094e-02 2.445625850215057628e+00 1.032053423170823381e-01
4.900000000000000000e+02 8.903276099205383876e-01 1.677858040366465575e+00 2.086080028721287061e+00 1.010658304002828523e+00
4.910000000000000000e+02 4.746450366110271935e-01 1.184874531212534832e+00 2.212719977343728495e+00 2.643113696521767753e-01
4.920000000000000000e+02 8.637231377568613810e-01 1.694612730916150500e+00 1.902593994396770016e+00 1.087490714536853531e+00
4.930000000000000000e+02 1.562068214531911747e-01 6.043739778901721094e-01 2.343592982033231742e+00 1.149938458312319695e-01
4.940000000000000000e+02 1.093965749801078191e+00 1.336519235844001896e+00 2.445625850215057628e+00 1.455864792970149146e+00
4.950000000000000000e+02 4.294854228575684663e-01 8.486213268018301115e-01 2.211707048793359665e+00 5.593542176886577844e-01
4.960000000000000000e+02 1.030554036073023871e+00 1.944371097719626684e+00 2.004487884664388542e+00 1.310638279597026834e+00
4.970000000000000000e+02 1.027510805512029890e+00 1.559195181269941388e+00 2.445625850215057628e+00 1.153829688319231606e+00
4.980000000000000000e+02 2.959346352296065019e-01 2.693012626550807531e-01 1.718017951011222788e+00 1.951187299461241420e-01
4.990000000000000000e+02 3.557604100951141657e-01 1.331817242959890235e+00 2.445625850215057628e+00 3.878324902772152249e-01
5.000000000000000000e+02 1.441512317571055579e+00 3.260321965423678692e-01 2.445706932955320934e+00 5.158917735529485737e-01
5.010000000000000000e+02 6.033738716535781421e-01 6.898536429445633056e-01 2.211788491820859459e+00 3.662748425022544496e-01
5.020000000000000000e+02 1.141408425794981030e+00 3.252213183624858561e-01 1.726869493208305295e+00 3.016091919237987584e-01
5.030000000000000000e+02 1.349239659329709795e+00 5.788444330729322074e-01 2.445706932955320934e+00 9.501618894119476799e-01
5.040000000000000000e+02 1.155868313585878965e-01 1.350413281136132904e+00 2.445706932955320934e+00 1.537877064011422892e-02
5.050000000000000000e+02 1.243401276885199858e+00 1.061083933947882585e+00 2.264827060514770007e+00 1.120079231517189688e+00
5.060000000000000000e+02 1.439849440392761748e+00 1.103645079503091653e+00 2.445706932955320934e+00 1.192896270594327346e+00
5.070000000000000000e+02 1.009009662933924023e+00 1.013742618348166813e+00 2.004569424011748868e+00 6.570791882692059716e-01
5.080000000000000000e+02 8.095306155624413247e-01 1.552581249308283839e-01 1.902675480067222535e+00 8.234366936148646357e-03
5.090000000000000000e+02 1.025770021355549177e+00 4.574442245753101988e-01 2.445706932955320934e+00 3.401016224398584198e-01
5.100000000000000000e+02 2.001022177137536495e+00 1.910373531932288760e+00 2.445706932955320934e+00 1.565994093180668179e+00
5.110000000000000000e+02 7.129769832172517807e-01 1.906364915396455695e-01 1.784389156545486799e+00 4.472286186563946275e-01
5.120000000000000000e+02 1.290808758427538949e+00 3.881183207910868793e-01 2.109223617690715091e+00 9.238584854706208827e-01
5.130000000000000000e+02 4.200622213736280863e-01 2.937949299210385057e+00 2.271210225986765696e+00 4.028480642530242184e-01
5.140000000000000000e+02 3.305690864826436592e-01 2.105976695449814251e+00 2.445706932955320934e+00 1.903434599482519696e-01
5.150000000000000000e+02 3.764801094631926581e-01 3.641140165633414139e-01 2.004569424011748868e+00 2.190968389383747550e-02
5.160000000000000000e+02 3.275922268288961048e-01 7.328533404050374678e-01 2.264827060514770007e+00 2.175925034234846983e-02
5.170000000000000000e+02 1.407294768432860721e+00 4.873579566298038013e-01 2.212801419324981644e+00 5.431013836919736937e-01
5.180000000000000000e+02 1.324913025872166861e+00 1.075642686978688811e+00 2.445706932955320934e+00 1.187830996075480927e+00
5.190000000000000000e+02 1.028105933195766708e+00 6.823101930302465368e-01 2.271210225986765696e+00 5.521435593838125433e-01
5.200000000000000000e+02 5.942423965006552455e-01 1.026709972439158403e+00 2.211788491820859459e+00 2.275063912899128460e-01
5.210000000000000000e+02 1.197170770912919346e+00 6.060502051337099960e-01 2.445706932955320934e+00 9.672281355251544088e-01
5.220000000000000000e+02 1.303951849884053882e+00 7.145809097466678805e-01 2.445706932955320934e+00 1.907773944547487555e-01
5.230000000000000000e+02 1.392569537869118301e+00 1.112682751748531373e+00 2.212801419324981644e+00 1.343531293738481347e+00
5.240000000000000000e+02 9.794250598065301627e-01 2.188036486008557269e+00 2.264827060514770007e+00 1.049300143502461813e+00
5.250000000000000000e+02 7.880627541772031730e-01 1.282803584637395022e-01 2.445233673944389619e+00 8.531621604093152234e-02
5.260000000000000000e+02 1.354929561949871131e+00 9.836825130131230388e-01 2.181009560550652537e+00 1.126982216323166641e+00
5.270000000000000000e+02 1.083650028485793948e+00 2.113504832299416325e+00 2.445233673944389619e+00 4.247073844219987904e-01
5.280000000000000000e+02 1.268778711310208474e+00 1.037342419414126971e+00 2.445233673944389619e+00 6.765051143751624751e-01
5.290000000000000000e+02 5.205647652322948904e-01 1.983029259478918060e+00 2.445233673944389619e+00 2.878128506663258368e-01
5.300000000000000000e+02 1.242939848755898913e+00 4.387828494030778792e-01 2.200088460301606652e+00 5.187859739595598318e-01
5.310000000000000000e+02 1.867297889326328786e+00 2.780569820334791942e+00 2.331666415942063253e+00 1.306154565732615902e+00
5.320000000000000000e+02 1.147657457667693448e+00 7.703518156756139490e-01 2.445233673944389619e+00 8.743641027657749198e-01
5.330000000000000000e+02 1.859685745014517222e+00 9.798041961491411600e-01 2.445233673944389619e+00 1.257977205607793136e+00
5.340000000000000000e+02 2.012379004313234354e+00 2.460315289470378364e+00 2.004093503426557010e+00 1.711060201868505048e+00
5.350000000000000000e+02 1.850857891422039048e+00 2.119870690750672804e+00 2.445233673944389619e+00 1.730001540464984000e+00
5.360000000000000000e+02 9.720815097961864604e-01 2.728991424843806524e+00 1.902199873893010373e+00 4.752483059387721531e-01
5.370000000000000000e+02 9.215372549880748165e-01 1.558715833225469138e-01 2.004093503426557010e+00 1.325490866068644025e-01
5.380000000000000000e+02 1.503966471474582622e+00 9.589021177471086510e-01 2.264352057931741768e+00 9.526449386243696082e-01
5.390000000000000000e+02 1.041442988220085741e+00 1.527138981944973217e-01 2.445233673944389619e+00 1.694280013352358893e-01
5.400000000000000000e+02 1.171992667645951558e+00 1.275777525630402254e+00 2.445233673944389619e+00 5.920904822316411797e-01
5.410000000000000000e+02 8.318564077572870863e-01 6.182485622225817462e-03 2.292946837480033473e+00 3.702046663022067197e-01
5.420000000000000000e+02 9.956504769972197577e-01 1.547459572534102268e+00 2.445233673944389619e+00 4.412113460271244181e-01
5.430000000000000000e+02 7.730040225931409381e-01 3.763037388043197762e-01 2.264352057931741768e+00 2.603549365317309738e-01
5.440000000000000000e+02 1.170400088687228779e+00 7.290025317125155002e-01 2.445233673944389619e+00 8.195897830364733405e-01
5.450000000000000000e+02 1.732919375266972706e+00 1.526163749310166740e+00 2.108747799909062692e+00 1.563436332394955164e+00
5.460000000000000000e+02 1.085997722193849713e+00 2.333015624212379791e-01 2.445233673944389619e+00 1.665933836866533568e-01
5.470000000000000000e+02 9.427671847966379026e-01 5.766278880697802700e-01 2.445233673944389619e+00 6.168100838177043022e-01
5.480000000000000000e+02 1.389765821327984208e+00 8.548610974134862595e-01 2.445233673944389619e+00 2.641296727332300698e-01
5.490000000000000000e+02 1.490853355246660739e+00 1.517547761094615755e+00 2.445233673944389619e+00 1.120689624884134039e+00
5.500000000000000000e+02 8.691958809745792269e-01 1.008092038645091781e+00 2.445499654871070572e+00 6.198295677381219226e-01
5.510000000000000000e+02 1.442859691527428545e+00 1.971889620365463669e+00 2.055131853759542437e+00 1.324280211598884316e+00
5.520000000000000000e+02 1.692871128286655535e+00 1.701536696464793552e+00 2.200355658536379266e+00 1.245467376955726513e+00
5.530000000000000000e+02 9.566974214531315246e-01 8.001188301438343364e-01 2.211580292937914916e+00 6.671912179157811762e-01
5.540000000000000000e+02 1.598327995870505669e+00 4.719200264135656187e-01 2.331933061848908029e+00 9.763924933839519538e-01
5.550000000000000000e+02 1.108490591922750346e+00 8.197970268251941750e-01 2.445499654871070572e+00 7.153545324753786128e-01
5.560000000000000000e+02 1.497820088858351717e+00 7.733133628462025566e-01 1.902467172594682010e+00 1.153488341735698253e+00
5.570000000000000000e+02 1.170350368416387177e+00 1.481610995306123779e-01 2.445499654871070572e+00 1.208371806108781282e-01
5.580000000000000000e+02 1.554018516096116187e+00 1.415617178087802408e+00 1.893555995776230905e+00 1.126107546880792620e+00
5.590000000000000000e+02 5.964270115224858948e-01 1.942585383393689025e-01 2.181276816669618590e+00 1.452670867594688386e-01
5.600000000000000000e+02 5.239116377373741473e-01 1.254967123762756702e-02 2.509222800173616097e+00 6.549485833812111746e-02
5.610000000000000000e+02 8.263069358965572375e-01 3.742489809269906875e-02 2.200355658536379266e+00 9.688269840303354030e-03
5.620000000000000000e+02 1.006469034400209850e+00 6.280446685934203410e-01 2.445499654871070572e+00 4.944052599294980199e-01
5.630000000000000000e+02 8.132757104016904437e-01 1.125281119666300400e+00 2.211580292937914916e+00 9.219589273723337586e-01
5.640000000000000000e+02 6.238745124146626297e-01 2.141526224385057187e-01 2.445499654871070572e+00 3.062031160784823847e-01
5.650000000000000000e+02 1.510562320766270394e+00 1.567975474660819213e+00 2.211580292937914916e+00 1.335875408558828692e+00
5.660000000000000000e+02 1.045634098181767557e+00 1.884656709485262593e-01 1.902467172594682010e+00 5.988093898304663876e-01
5.670000000000000000e+02 6.219115955806242546e-01 2.353436202494979756e+00 2.445499654871070572e+00 5.108729834149418059e-01
5.680000000000000000e+02 3.183888433915309513e-01 7.318273835306535746e-01 1.902467172594682010e+00 4.981476565609413432e-02
5.690000000000000000e+02 9.665880716412729168e-01 2.968468829621876415e-01 2.445499654871070572e+00 3.573230180434801007e-01
5.700000000000000000e+02 5.073632022160478039e-01 3.198599347898516965e-01 2.004360979163966494e+00 3.180193940323290669e-02
5.710000000000000000e+02 1.340262557027057211e+00 9.319489771922199184e-01 2.075165120525331641e+00 1.007842665072740340e+00
5.720000000000000000e+02 1.405138828261795814e+00 4.309789465827115751e-01 2.343458085515946809e+00 1.065742632600666040e+00
5.730000000000000000e+02 8.513949429209707320e-01 4.070217394994209426e-01 2.004360979163966494e+00 5.503927795715605198e-01
5.740000000000000000e+02 3.765742861778319517e-01 4.022604254501496723e-01 2.445499654871070572e+00 3.749540983004010647e-02
5.750000000000000000e+02 1.128236625348321587e+00 6.729334310183079371e-01 2.265547799247278338e+00 4.374431451988874953e-01
5.760000000000000000e+02 1.231970778523832299e+00 5.091862744602774216e-01 1.894485877781050709e+00 1.135430938595428652e-01
5.770000000000000000e+02 1.263805072770272986e+00 1.241726278855310506e+00 2.005291566217417998e+00 9.734091361406072007e-01
5.780000000000000000e+02 1.004121610942197096e+00 6.639466824368240871e-01 2.446425020453068644e+00 4.294441911012212287e-01
5.790000000000000000e+02 1.048040386517897327e+00 1.128946292928694417e+00 1.903397150336878507e+00 5.221153780233627195e-01
5.800000000000000000e+02 7.809192319533438953e-01 2.069128295607371992e-01 2.005291566217417998e+00 1.451530929654361313e-01
5.810000000000000000e+02 1.643207541887251599e+00 1.142316550176295520e+00 2.056062437992818737e+00 1.355683159084954292e+00
5.820000000000000000e+02 1.101589902827539769e+00 2.008153931041371798e-01 2.512070074410458709e+00 1.890035939437307577e-01
5.830000000000000000e+02 1.034890610752854601e+00 6.935781826018712071e-01 2.446425020453068644e+00 6.129188479939653433e-01
5.840000000000000000e+02 1.458001970048551588e+00 6.552273057646950116e-01 2.271930891415602005e+00 9.645305492056959196e-01
5.850000000000000000e+02 1.452185619957729434e+00 1.988565780170295838e+00 2.271930891415602005e+00 1.313305577113128786e+00
5.860000000000000000e+02 1.179673745158163811e+00 4.659981221028626219e-01 2.265547799247278338e+00 6.906428694737849483e-01
5.870000000000000000e+02 1.079735456675201322e+00 8.037984562435542824e-01 2.446425020453068644e+00 3.347151128653836349e-01
5.880000000000000000e+02 1.156467465047452015e+00 9.934954505635249511e-01 1.989846116363790385e+00 4.950426710504572947e-01
5.890000000000000000e+02 1.071087696040265103e+00 7.012586812542859205e-01 2.446425020453068644e+00 2.327442578332029888e-01
5.900000000000000000e+02 1.043601064953270541e+00 1.534378517562409394e+00 2.201285269506133790e+00 2.980303495279810755e-01
5.910000000000000000e+02 1.145456753890139234e+00 3.404615473720483121e-01 2.446425020453068644e+00 4.213904384887633414e-01
5.920000000000000000e+02 1.173737961403709784e+00 1.662397568071928067e+00 2.056062437992818737e+00 6.042611970075892902e-01
5.930000000000000000e+02 9.331355230987830041e-01 4.789921229548502746e-01 2.005291566217417998e+00 2.956858556510318370e-01
5.940000000000000000e+02 1.602251526597404663e+00 1.450981957605074646e+00 2.265547799247278338e+00 1.390226858502905616e+00
5.950000000000000000e+02 1.660469692688097076e+00 1.538988843028954445e+00 2.212509775181854543e+00 1.171544454459990448e+00
5.960000000000000000e+02 1.056850111276218529e+00 1.295822920164077408e+00 2.005291566217417998e+00 3.873055733099262654e-01
5.970000000000000000e+02 1.306272222016040319e+00 6.202421502782103913e-01 2.446425020453068644e+00 7.703370232003454721e-01
5.980000000000000000e+02 1.404365630347224281e+00 2.262947785067453421e-01 2.446425020453068644e+00 5.408369094647471620e-01
5.990000000000000000e+02 1.374488751484446825e+00 1.770936509246999746e+00 2.446425020453068644e+00 1.187450425411641808e+00
