3.282138190333891981e-01
3.514510360061377514e-01
3.904551685283393359e-01
5.003907006841781246e-01
8.340549848826932511e-01
2.438676384919233886e-01
3.863330858360955467e-01
7.930477552944307229e-01
8.713637804898214378e-01
3.999409635719842204e-01
2.542099897767884364e-01
2.894330585066076100e-01
4.214863179459652498e-01
3.752157737659418957e-01
6.530651384732215625e-01
6.262260749298236284e-01
2.529157305834587310e-01
3.648143400089746691e-01
3.836336443691113485e-01
3.005600487381980823e-01
4.582121940837008411e-01
3.638098590296958701e-01
6.308070905179546939e-01
5.172237137383637329e-01
7.544627100796974517e-01
4.393609734111781351e-01
6.973697482274237025e-01
7.012566576432144316e-01
7.440319555480605640e-01
2.654450096120738456e-01
3.018715295554201261e-01
1.427343336485785152e-01
4.048333673331265814e-01
5.115014119203531440e-01
7.904101480170984406e-02
1.742529592352750623e-01
4.484894478352168812e-01
4.735792152876291405e-01
7.501857215169053239e-01
7.757865952425967437e-01
3.772336167618117186e-01
2.711833735551730240e-01
3.494520006542279345e-01
1.029169567869553603e+00
6.466520810785405526e-01
8.946017799610748167e-01
3.087653877981885175e-01
1.117772832098079955e-01
4.371535413917224666e-01
4.040172966639051788e-01
3.541186044371822383e-01
3.358287614602653570e-01
1.115075237581548473e+00
3.245786340303247752e-01
7.353229126386254810e-01
4.676987991145081791e-01
5.188959053374315733e-01
5.026647456561317284e-01
3.404734680596712693e-01
3.721918683815567674e-01
7.026310384339017334e-01
3.315222993304706711e-01
8.760552476728833415e-01
4.179276716694819704e-01
2.676093930446777902e-01
4.763851671554831801e-01
3.883595149449118877e-01
4.051054507864447762e-01
5.756772825079987665e-01
4.051054507864447762e-01
7.705056581066226373e-01
5.241608524614435050e-01
2.593913107898072612e-01
2.219750149473739831e-01
1.092552996461901987e-01
1.617534648653535523e-01
1.133907541591875345e+00
4.758236773487624083e-01
4.023859615315387162e-01
2.992490846753648737e-01
1.183149255116918708e+00
2.848618301882787640e-01
1.509692154967774147e-01
2.288313492635247193e-01
7.577988205512931064e-01
3.012157243861020572e-01
4.015706956301485775e-01
7.280688703857960409e-01
1.634583620396301784e+00
5.490079413058611690e-01
1.856141910533974482e+00
3.527845064231824312e-01
8.396137272594889067e-01
8.632500515934208307e-01
4.924517830011953534e-01
3.437956125737923196e-01
2.494664366595638061e-01
3.961423738926984073e-01
2.006145245684714529e-01
8.291845254221186234e-01
8.092436705504936212e-01
4.100081077588383915e-01
4.978354887666793793e-01
6.183671705244757622e-01
5.458534674424992961e-01
3.974983541336471471e-01
4.777895494946224897e-01
2.408560755205138570e-01
5.494937294395326743e-01
1.345091198845330405e-01
5.497366721360144037e-01
2.719419346107053159e-01
1.823177962710849365e-01
3.467887892282034423e-01
4.969844740895179580e-01
8.881790531129365451e-01
6.601729371345181896e-01
4.379810782154515691e-01
4.247759655300155646e-01
4.357749779926946565e-01
2.917209367024849453e-01
4.758236773487624083e-01
1.617534648653535523e-01
2.710750204373522654e-01
3.886974080057046255e-01
4.366020164809095161e-01
4.308189769967127325e-01
3.920787880451495067e-01
2.989214240908571463e-01
4.791948748064301378e-01
7.853472493778623775e-01
5.210480008350993897e-01
5.592369776119069380e-01
5.055109635766958931e-01
4.297190832716565323e-01
1.455292741345820540e+00
8.447507815573630507e-01
1.695890516593087927e-01
4.078279393581995538e-01
2.344100378110649252e-01
7.157546535076875216e-01
3.219375572860795898e-01
1.681570402516271434e+00
7.853472493778623775e-01
1.281882480984856687e-01
5.739524185685732638e-01
2.697750308364155747e-01
6.823779417884334730e-01
3.688359590565010726e-01
3.942452238450866453e-01
8.340549848826932511e-01
2.933560701067034482e-01
4.935840039706272941e-01
3.534514767952835479e-01
5.460959261333560022e-01
2.142740754510036039e-01
4.034733990262787673e-01
3.886974080057046255e-01
1.216768501169157135e+00
9.640916074069346697e-01
5.253594551459456197e-01
8.133803882134044150e-01
9.727048783437128865e-01
5.371461472327533349e-01
3.507845352214248313e-01
5.470660821961905729e-01
3.951258666338667291e-01
8.166560748955888904e-01
9.645349839092791644e-01
6.080313725512607181e-01
1.036433389493790047e+00
8.454224756979198396e-01
5.875515593342258702e-01
7.902616132511430802e-01
3.384819858897399336e-01
1.225914718939811188e+00
9.638699902123679664e-01
1.130385406445652691e-01
2.881263801898149013e-01
3.084367784713267779e-01
3.671595631733631793e-01
7.949802341457092858e-01
2.868201936374452643e-01
1.583533137293737125e+00
2.936831907888325932e-01
2.498974352780760633e-01
4.135550477834430416e-01
5.260789790970417101e-01
4.780705389899126412e-01
8.186256990734949168e-01
2.702083099399455457e-01
2.391361644091501704e-01
5.023803480795399068e-01
1.315242037054130453e+00
5.548460003833637355e-01
7.776930336974783309e-01
3.802632667200332439e-01
2.580953329857919032e-01
3.219375572860795898e-01
3.819479132046615377e-01
4.217602806074121080e-01
5.311233082366169089e-01
2.087202044112129173e-01
5.294403694691034445e-01
3.305293758041395469e-01
2.155566709094593192e-01
9.399909121894656217e-01
9.332969554628521847e-01
3.890353454505798281e-01
9.860674808790325097e-01
3.127113127499195899e-01
2.279737255747422142e-01
2.507595718829160880e-01
6.891731906286449050e-01
1.642936250224385497e-01
4.429526276671238993e-01
6.285149339937646795e-01
4.313691192841453970e-01
1.255895539059165955e+00
3.708490037262083261e-01
3.511177661169443409e-01
4.769468071927353559e-01
4.294441911012212287e-01
7.743057570347968710e-01
5.972607079034462085e-01
3.192987242447988261e-01
6.062732279104957600e-01
3.725276893470008677e-01
2.387062973365106922e-01
3.883595149449118877e-01
5.308827964048391523e-01
4.173806582085382022e-01
3.272219767500635923e-01
4.037453329153645742e-01
1.598490303378078403e-01
1.566762571577859087e-01
5.626596479682890450e-01
3.378184570934212316e-01
7.857738315244841010e-01
6.032636158267559168e-01
4.305439547519934740e-01
1.763741647808615143e-01
3.668244079314142425e-01
5.719832338698596086e-01
3.110665891190285692e-01
3.295367780389426016e-01
1.844420727381275160e-01
3.391456637431734533e-01
8.081573612341750312e-01
4.865179243316801738e-01
5.069356082394268492e-01
1.661994401703590085e-01
4.969844740895179580e-01
5.417365601128167896e-01
8.014433974636039348e-01
9.315762620651654169e-01
