1.046782290568368579e+00
6.941766587774830244e-01
1.060317896707607010e+00
8.830260031882312122e-01
8.232338902065727826e-01
1.155424419716118978e+00
8.318386936451205305e-01
9.834215670076557059e-01
1.250398954959368147e+00
1.469902230885704819e+00
1.087700668058274145e+00
9.627626135619206105e-01
9.834215670076557059e-01
1.050474519466112255e+00
1.761499803977655487e+00
1.472295209149515616e+00
7.627290532628259179e-01
8.393908798779575742e-01
9.458556392979834415e-01
1.333605030851276352e+00
9.121938768970832001e-01
7.817270518175229999e-01
1.500871159830117874e+00
8.258750062534061520e-01
1.037935682004985427e+00
8.201598272283654456e-01
1.225097567633677720e+00
1.220820880451486401e+00
1.112956126715764382e+00
9.230138262549806294e-01
1.464279313172666352e+00
8.715673582761030991e-01
8.838489135621222514e-01
1.210125422887153634e+00
9.741138770593092966e-01
1.282977382866351101e+00
1.169795355146834748e+00
9.384756984115688594e-01
8.687205472312284904e-01
1.086260773687893533e+00
1.055930430835897660e+00
1.011870449582532583e+00
1.101180327671932968e+00
9.887203161453496092e-01
1.105578289847948925e+00
1.602273069821435580e+00
8.129442894375419337e-01
8.420678067918307974e-01
1.168140738497831288e+00
9.480360322127479034e-01
7.990696962307869411e-01
6.163452700826992370e-01
9.879033186537444777e-01
6.285149339937646795e-01
6.944045016392510483e-01
1.090587242898001241e+00
9.737111087460922354e-01
9.620987539131422572e-01
1.265284862998472759e+00
1.435130197104094174e+00
7.616817000200445387e-01
9.942524065158769853e-01
9.454201001318318642e-01
7.447405647884778324e-01
9.033628813161423965e-01
8.707532636839874218e-01
7.169117175046314516e-01
1.242224219252737516e+00
6.005095973720014912e-01
1.321432657748017991e+00
8.079402138067022232e-01
9.105063099193730913e-01
1.519380821089559852e+00
1.002711665026549737e+00
9.745168034575655280e-01
8.734011866494552079e-01
1.204663237743759163e+00
7.332129282348072152e-01
1.060118023656576591e+00
1.381473783189978599e+00
9.517530809749705778e-01
1.705372359580266783e+00
1.009364202135292210e+00
9.712978080753528198e-01
7.943357449585283225e-01
1.110419772466414656e+00
9.242938702779329718e-01
1.188211738855485811e+00
1.036647859473016853e+00
1.015851725590149801e+00
1.136765417975747594e+00
9.954858971254776367e-01
1.156239191386566167e+00
1.002090263363199840e+00
8.736051266706875706e-01
1.772059894724345330e+00
8.883856655657003110e-01
8.325031516024384848e-01
1.059318954612789465e+00
1.939363079694941261e+00
1.393809958917118452e+00
1.394845283783989753e+00
1.757872353928418896e+00
1.135100210621337258e+00
1.340549795567850699e+00
8.673504905248646812e-01
1.590598332504825407e+00
7.889777689535751870e-01
1.573081275526429401e+00
8.064212470182404724e-01
6.369357935628223721e-01
7.823651648553869853e-01
9.292148022289973275e-01
1.058919673624894253e+00
1.281958676014307352e+00
1.205742826046570570e+00
7.591714537574821842e-01
1.099301992324111632e+00
9.640916074069346697e-01
1.393809958917118452e+00
9.179086997094330069e-01
1.162579874843622907e+00
8.564480434256044328e-01
9.232270618707553167e-01
1.723047143862568964e+00
8.842605932703974103e-01
1.150146994646666254e+00
1.104109929362500298e+00
1.237027366153868657e+00
1.472731202952484164e+00
1.135461944407337942e+00
1.211530095186871048e+00
9.042008889991779430e-01
1.024074685763406656e+00
1.023228120754410719e+00
7.189968555199657274e-01
6.216581636212192841e-01
1.063321091196943069e+00
1.458061727628731097e+00
7.665064760653542697e-01
1.347559823533364121e+00
1.375208974894362557e+00
9.862712987022388411e-01
1.607030767035184660e+00
9.147301098128884922e-01
8.925259105125749048e-01
1.015222033217027864e+00
1.465572800044932400e+00
9.532874578672947408e-01
7.113665157744344381e-01
7.851340118892353725e-01
1.238064063033741169e+00
1.360937842260216302e+00
1.089967926522008357e+00
1.709185107024120187e+00
1.577197882851912203e+00
9.791618810052896693e-01
9.124050054471077864e-01
9.557031666123841918e-01
1.491064946098533905e+00
1.002711665026549737e+00
1.477545721583913396e+00
1.354427591033793732e+00
1.670691601007771920e+00
8.398366163448431898e-01
8.871465590188760686e-01
1.141889388547680850e+00
7.740943473360374361e-01
9.907657030534775533e-01
1.511478168795763022e+00
1.009990169249582070e+00
7.832164781400111631e-01
1.129620038529147275e+00
1.025133925224610332e+00
1.140087137712628929e+00
9.345892910734800996e-01
8.411748281334852084e-01
1.499583894210409385e+00
1.152984694662100740e+00
2.032313276889836651e+00
1.249767160967118818e+00
1.143293707634634560e+00
8.881790531129365451e-01
1.110842001973341153e+00
7.440319555480605640e-01
1.080932202745056747e+00
1.308047664710796143e+00
9.969268865772905608e-01
1.185254932096163616e+00
9.189702923260062439e-01
1.118263325436295919e+00
9.879033186537444777e-01
1.098885110888010441e+00
1.576329007085809142e+00
8.840547346875401447e-01
1.360516083902155948e+00
1.218792188968475410e+00
1.894989822691917292e+00
9.632054224818143995e-01
1.374993908150601962e+00
9.102955463502819811e-01
6.894002461497115153e-01
1.735343393572938986e+00
1.046999085435730503e+00
1.223261961856697333e+00
8.298475193290643093e-01
1.098260146571559792e+00
1.395674621467920762e+00
1.143293707634634560e+00
1.051563197870492239e+00
1.212736005468054268e+00
1.383130027621725544e+00
8.824092126178835205e-01
1.538629645695911652e+00
8.535127864061976544e-01
1.934202498788763824e+00
9.285716665792769220e-01
1.026831104894432745e+00
8.898330160787354393e-01
6.635162118714568180e-01
9.506584679431869800e-01
1.385171608213435768e+00
1.330272296563337120e+00
7.815144182003669338e-01
7.416726173379513121e-01
7.928332182556474539e-01
5.356988961158993812e-01
1.077871940440909393e+00
1.029808307918792742e+00
9.283573733650867243e-01
9.530681237964994112e-01
1.499798265935050390e+00
8.260953592634896481e-01
1.489374084715723745e+00
1.026406532802844662e+00
8.742171648664834871e-01
8.510348391955705472e-01
7.800269708921820921e-01
1.133293765340708914e+00
1.360305295446391893e+00
9.572433438154799301e-01
7.250382396064158907e-01
9.060887320671628942e-01
9.330817177144922203e-01
1.691511619705049041e+00
1.053525966157798477e+00
9.712978080753528198e-01
1.100971431904954612e+00
9.204582643206921100e-01
6.457696108160900783e-01
1.081545470942206988e+00
1.270021636755969352e+00
1.212534897957639357e+00
1.627556083220066840e+00
1.117624798982121748e+00
1.106628579921288935e+00
