2.216619223536102190e+00
1.874900221387770793e+00
1.764235681260664101e+00
1.478644719304950783e+00
2.062716883261050071e+00
1.844341868789130645e+00
1.357150694881260389e+00
2.190845662739995259e+00
1.972605371610178349e+00
1.797948399939322206e+00
1.776402091274134953e+00
1.400462050211543685e+00
1.887727816804234182e+00
1.501515726342791845e+00
1.657321239261667634e+00
1.772291666598671656e+00
1.549712542645620861e+00
1.587718534447273289e+00
1.446212363422701319e+00
1.308679740538821745e+00
2.092928299691957150e+00
1.832831815392304442e+00
1.934681338557653119e+00
1.668495566498834792e+00
1.374993908150601962e+00
1.496803311296648120e+00
1.757872353928418896e+00
1.987031385419670171e+00
1.942188492123327226e+00
1.555879108440231473e+00
1.694519198609370836e+00
1.538198858584064022e+00
1.729721754468893868e+00
1.450209882690159713e+00
1.860604845976193245e+00
1.326594497174875764e+00
1.263141139585070238e+00
1.495950071355853783e+00
1.732638172643007346e+00
1.676883744783854491e+00
1.285018800639299075e+00
1.696057453738490706e+00
1.395259832668319655e+00
1.764235681260664101e+00
1.769055486443707137e+00
1.360726932825403690e+00
1.945266954619928157e+00
1.681122461083768727e+00
1.587055832290314772e+00
1.523087394539615058e+00
1.424030994747397250e+00
1.558984706172256152e+00
1.692195545168601711e+00
1.884018301198401746e+00
1.466220464032441884e+00
1.234751300467635371e+00
1.422952242887544072e+00
2.036428788540443957e+00
1.902592412337013705e+00
2.021529323479254181e+00
1.834456853366579487e+00
1.912688995686713467e+00
1.696497693182484889e+00
1.614675654552595985e+00
1.674664889024326309e+00
1.608334654449557588e+00
1.379091102911360167e+00
1.561524702701651668e+00
1.558762378785596203e+00
1.725041465898258020e+00
1.506261723278244258e+00
1.317371032878611237e+00
1.507128285672137968e+00
2.025900324444120049e+00
1.351714493788843230e+00
1.283793308012117551e+00
2.111321574746015450e+00
1.938045701754368189e+00
1.862258467499858128e+00
1.743994780391609378e+00
1.569420458891553460e+00
1.623306926911433745e+00
2.035942817989532028e+00
1.829365798840667523e+00
1.963301845827094771e+00
1.439323726390201008e+00
1.840535514815416995e+00
1.655300111392852491e+00
1.552348130281189231e+00
1.638714526505223645e+00
1.694958290923316735e+00
1.446632067158978296e+00
1.549712542645620861e+00
1.585071896392535651e+00
1.794686242433422896e+00
1.379956625791153524e+00
1.625987187714570847e+00
1.672454247673476280e+00
1.717342195203301003e+00
2.074119846492890940e+00
1.481817396604108605e+00
1.375424105265451669e+00
1.348803780814632924e+00
2.093177266381210266e+00
2.045218378892107669e+00
1.668057323858324725e+00
1.705372359580266783e+00
1.890293257880560018e+00
1.445792914283987596e+00
1.874431554300938663e+00
1.478644719304950783e+00
1.341782072474225318e+00
1.353382912994254061e+00
1.461485131744682642e+00
1.518718637277991057e+00
1.557430029681509565e+00
1.397128276649352463e+00
1.641776342220767626e+00
1.349218897396821548e+00
1.737607485280021846e+00
1.568133413772603291e+00
1.497016791632025390e+00
2.231913361006035323e+00
1.544473425707050707e+00
1.854273789295004971e+00
2.154002192211061484e+00
1.591931930827098274e+00
1.279925243705303251e+00
1.201862858379052268e+00
1.896170520120159741e+00
1.745602773431856880e+00
1.455505344323622774e+00
2.057946825481244968e+00
1.637407009675456493e+00
1.871628161492654430e+00
1.540571730183952548e+00
1.558762378785596203e+00
1.547742893364522754e+00
1.567276824668605739e+00
1.513007405526411997e+00
1.618644337885693840e+00
1.432939946855499080e+00
1.640899967332231313e+00
1.573945714778271165e+00
1.381907841271809989e+00
1.714156432003506758e+00
1.240141458267823849e+00
1.698482850973332736e+00
2.160356295277099381e+00
1.538414216453099170e+00
2.584068934501327242e+00
1.675995212146742741e+00
1.549274323213650328e+00
1.295721566209208309e+00
1.948602970353702002e+00
1.826379593969344795e+00
1.589710836100377112e+00
1.357990600728349317e+00
1.589267557051392332e+00
1.377794752409732260e+00
1.715747136946326856e+00
1.383211580197490020e+00
2.020321983142211675e+00
1.926836573263910779e+00
1.635885102843907868e+00
1.521149909436820158e+00
1.753594582364132126e+00
1.811217806783704143e+00
1.290557552843669464e+00
1.524983721703689232e+00
1.396920430855265627e+00
1.567919158627346432e+00
1.947886283240643390e+00
1.482234996116510439e+00
1.536478558231402891e+00
1.418225292013915562e+00
1.579811679912681788e+00
1.814923189578809604e+00
2.492543809133875854e+00
1.362415906340770366e+00
2.308778379709153672e+00
1.392776125919591657e+00
1.660478737720155529e+00
1.650165500438494082e+00
1.583972400126893776e+00
1.874900221387770793e+00
1.293858545612963207e+00
1.454442986521544912e+00
2.007780078754777264e+00
1.955704282232201940e+00
1.640243512261860381e+00
1.387834325009802638e+00
1.500441795000473588e+00
1.743307018778700535e+00
1.434691596276807646e+00
1.212333839475311814e+00
1.792136451703898237e+00
1.353174154548002495e+00
2.022982032508953587e+00
1.566421384004561101e+00
1.851483683157777671e+00
1.687650907205423101e+00
1.469468047208911221e+00
1.378658728623277430e+00
1.626211070666542247e+00
1.577850321929495703e+00
1.336252774617163519e+00
2.046250741991874289e+00
1.336252774617163519e+00
1.491488328185152534e+00
1.479965878428294745e+00
1.826379593969344795e+00
1.514101887619283993e+00
1.443281544646910719e+00
1.495310855383089388e+00
1.514978780994094887e+00
1.424030994747397250e+00
1.637624734782634039e+00
1.617097933617863914e+00
1.761045104103194037e+00
1.394845283783989753e+00
1.642653979864951985e+00
1.338909919534164050e+00
2.178892936335858455e+00
2.085262773849823059e+00
1.339934419754247541e+00
1.416087115468506186e+00
1.495950071355853783e+00
1.398793220149306293e+00
1.577415287941875022e+00
1.348596309656084458e+00
2.031542429283144102e+00
1.679780656798129046e+00
1.956647818042664078e+00
2.100377437389945978e+00
1.426843532932419167e+00
1.850325380692912747e+00
1.913162342591556708e+00
1.544256047468819393e+00
1.664780670186166489e+00
1.500871159830117874e+00
1.520485943584396704e+00
1.546215084822169405e+00
1.642653979864951985e+00
1.447472239958228712e+00
1.557651895898693128e+00
1.792367769747309270e+00
1.560465147178753620e+00
2.955444713344099306e+00
1.853807768613766394e+00
1.912688995686713467e+00
1.470336691838783461e+00
3.127587240323044249e+00
2.051785879549634650e+00
1.963541103148081168e+00
1.495310855383089388e+00
