9.607855611113065297e-01
7.127022886091741727e-01
7.952811087919430255e-01
7.805112640806370905e-01
1.768544019197233919e+00
1.123630055869423439e+00
9.105360158328013043e-02
1.215960419707319051e+00
9.213456398809971581e-01
1.486223551457137360e+00
1.295609658125686403e+00
3.665831216709919405e-01
1.113205921690391786e+00
1.007113987901613772e+00
7.822630453657622995e-01
1.026236755762982567e+00
1.354615790128857133e+00
8.770490440502652918e-01
1.004391386773800132e+00
1.212136849698817631e+00
6.373298675611031028e-01
6.633287926742104101e-01
1.964218442926490837e-01
3.526511311885073829e-01
1.011368691872580383e+00
8.537383141943896137e-01
9.954858971254776367e-01
1.105553097870859203e+00
2.292559352349642365e-01
1.131487408898245173e+00
7.699492460235639602e-01
5.894939044074362089e-01
3.707013294766741685e-01
6.680839599886387870e-01
7.989662190861707147e-01
8.170672455538001699e-01
3.802093758736874718e-01
7.075415522040203742e-01
3.499849398904676945e-01
5.669325624387736573e-01
4.610068504951568558e-02
2.635327299267037904e-01
7.257533333026331412e-01
4.175037253430159967e-01
1.100509942589102286e+00
4.213219555338711952e-01
9.506147071141665128e-01
9.759484717417701294e-01
7.900989209535538293e-01
9.058977034527686545e-01
1.525116670124815776e+00
7.585028625495383592e-01
5.295413034721374590e-01
1.769922812438391890e+00
1.241259231531138818e+00
8.940969893434754789e-01
1.055033508207373405e+00
2.041108939746100415e+00
1.359273304608284105e+00
1.467573907122001753e+00
2.714564375365685622e-01
1.383113718210406740e+00
1.831875308583982953e+00
1.001552028083393164e+00
8.614504504936201235e-01
7.501572543445266250e-01
1.310608695309058769e+00
7.428871600805951880e-01
1.012602636560806069e+00
8.953687500702489643e-01
1.306801899203461348e+00
1.210518490391449875e+00
1.432817495956074882e+00
1.987563377712668444e+00
2.176204133267809926e+00
2.245126700031686795e+00
1.857219020321790204e+00
1.746754109310249881e+00
2.042015437905665642e+00
1.989554795323000391e+00
1.762943614878480725e+00
2.213110911797547153e+00
1.853156015268256018e+00
5.151044976096845751e-01
2.039100483227969995e+00
2.370792353473748726e+00
1.588736034072638859e+00
1.099706549935119959e+00
1.641228460209671614e+00
2.160292929250969163e+00
2.226062430205773879e+00
2.111376072976058893e+00
2.040606053504096185e+00
2.235264335570533500e+00
2.257770039862486477e+00
2.208779235650927930e+00
2.032134911026646673e+00
1.874003084330560398e+00
1.602342013136016652e+00
1.684474518358328954e+00
1.656157141620898221e+00
1.843130220147944476e+00
1.860675611184740008e+00
2.117823716351384000e+00
1.985579811212803358e+00
4.599111452753731344e-01
1.275365228522472361e+00
2.094898682670342627e+00
1.516274329007559762e+00
1.503461801907673978e+00
1.190270733046526752e+00
2.001207806911497578e+00
1.516630501441975643e+00
1.114674341965341542e+00
2.030261159813074645e+00
1.722715422328666257e+00
1.954771893701268137e+00
5.580796441587372314e-01
1.879252677023747875e+00
1.637289470384658774e+00
1.794207847875886275e+00
1.169306910318926862e+00
1.782179283434245365e+00
1.684629894174118903e+00
2.014853513689585984e+00
1.872988304729313436e+00
1.743536181022246723e+00
1.600625007522816112e+00
1.613942034329492570e+00
1.483882859046117053e+00
1.389535413475118997e+00
1.544034396815114007e+00
1.647964286529707056e+00
1.294421118175411722e+00
1.342820820270064885e+00
1.536156507676598171e+00
1.800257425970407832e+00
1.714265370463132987e+00
1.606928744514832363e+00
1.593446772958995172e+00
1.602070592866743581e+00
1.402419545852763960e+00
1.479412879339070397e+00
5.055679296492858743e-01
1.981546679228533003e+00
2.089975506495407753e+00
1.355212070687231041e+00
1.440733453563578514e+00
2.186213350199519123e+00
1.807399576162113330e+00
1.599182759313784175e+00
1.237935440352662120e+00
1.937944451218715836e+00
1.633518467069527969e+00
1.841351945681863889e+00
1.890358722591111595e+00
5.344358807818374579e-01
1.644320582366027406e+00
1.853156015268256018e+00
1.881676149240197438e+00
1.766392634159320130e+00
1.731626975957314407e+00
1.787913280057530585e+00
1.318070645521390860e+00
1.966594309820041575e+00
2.129898427555626750e+00
1.644272146929141476e+00
1.925474685151002063e+00
8.911475840732647757e-01
1.847877957142071592e+00
1.970859051693610864e+00
1.909403962648301034e+00
1.391479737014524876e+00
1.625998379926655302e+00
1.281409127049030650e+00
9.780491818365263379e-01
1.633661245878519352e+00
1.562416086060835374e+00
6.819983408232882516e-01
1.256402708902778942e+00
1.164157968919084407e+00
1.584851843834083063e+00
1.382787607214278625e+00
5.349708708683591496e-01
1.440627312529827897e+00
1.221015899285039508e+00
3.931753155410311895e-01
1.090643001891261621e+00
1.390589309408867269e+00
1.837541471979725616e+00
1.188262517575150889e+00
1.714483308435264641e+00
1.412883436526058523e+00
1.440875000195350530e+00
1.350299290049875145e+00
1.124360787669848039e+00
1.178016571033059456e+00
9.439601745491746909e-01
4.122993841291214823e-01
7.805282601481606797e-01
3.733203935028041043e-01
6.367771683209659805e-01
3.987193614907640349e-01
1.365202718010430638e-01
7.629721587905774483e-01
5.179401899207861648e-01
2.359003456880532368e-01
5.536622719037720408e-01
8.666751952780835655e-01
8.218449868504551503e-02
6.724142711499065950e-01
1.372034297526816549e-01
2.131243145792689198e-01
6.578374225158546695e-02
1.018206144518307044e+00
1.178708380528985938e-01
4.640247687918007125e-01
4.413633093161329346e-01
2.468943358461399840e-01
1.275082620865221728e+00
5.127159940972750851e-01
7.820247982745723858e-01
5.266352689406844645e-02
1.787789348459360328e+00
2.097718722347683418e+00
9.318965321105172617e-01
1.931186442424599248e+00
1.287098380111156848e+00
1.883445641111705537e+00
1.298254196934615745e+00
1.495170309834048972e+00
1.347124930757057859e+00
1.963569821581148567e+00
1.175536858507326254e+00
2.014281377607010537e+00
1.418105382683710669e+00
1.196657701800046825e+00
1.177565175544117881e+00
1.311852224424425062e+00
1.512565748338431826e+00
1.635329464840785452e+00
1.340170253833494751e+00
1.158156932552709684e+00
5.178112045952462106e-01
1.961077354064330258e+00
2.131961642233069387e+00
1.925474685151002063e+00
1.494174560277482744e+00
1.838287853444914077e+00
1.940820941497149787e+00
1.471818116727110048e+00
1.093168100672770926e+00
8.459511432573131318e-01
2.012663896272451236e+00
1.965036613752443539e+00
1.332213626752117852e+00
2.113242703341797757e+00
1.306919655046224316e+00
1.612882674257536619e+00
1.999262123878083885e+00
1.414142727230755403e+00
1.314464312928531164e+00
1.810295335651999959e+00
1.537953437601999873e+00
1.579418922063184683e+00
1.944875204341341535e+00
2.114764780722973025e+00
1.448168256335281123e+00
1.405172464622341577e+00
1.454383543003571200e+00
1.238420994517885676e+00
1.901244460629281097e+00
1.388680258042443771e+00
5.393432951757176630e-01
1.046869002610977706e+00
1.338418658217654711e+00
9.350937252243244346e-01
1.224695421103753956e+00
7.718555271533552586e-01
8.836781104590695213e-01
1.151345805093396457e+00
1.481437605493151510e+00
1.349115096455179019e+00
1.597654006569219076e+00
1.684992595989112329e+00
5.972657013473101628e-01
9.876583479607857763e-01
1.345356920715613747e+00
1.228631498869900307e+00
3.660068019528975869e-01
1.045157894677521071e+00
3.016091919237987584e-01
1.255547709734855077e+00
1.038408315127288928e+00
1.278140190884930361e+00
1.261468783621905176e+00
3.845916250515983847e-01
9.645105932743081034e-01
9.843977172874606163e-01
1.119286246742954294e-01
1.519765193169219764e+00
1.407058643808837051e+00
2.090874136649776560e-01
3.894409290421945724e-01
6.611283588943359657e-01
1.078725756933954116e+00
3.010583504308087521e-01
1.091961554325966866e+00
7.165043215851978342e-01
5.182985277180917061e-01
6.837073203986944181e-01
4.486003240331661313e-01
1.703096557901072838e+00
1.468885369065273117e-01
3.341849499632106313e-01
2.844702888043637024e-01
1.990802119289506733e-01
1.554353997135667242e+00
2.148939524466177142e-01
9.946839560785394330e-01
7.652209274814283368e-01
5.855023305607540696e-01
7.605096554164464395e-01
1.751963990491870904e+00
8.771411060484589628e-01
1.176062253936323021e+00
9.537306526332384182e-01
4.857421428732333069e-01
5.287772229801402935e-01
4.434918678510776924e-01
3.787412746416058962e-01
1.174112418345159226e+00
8.640689768523605041e-01
9.410094821045040803e-01
1.446953312637685007e+00
1.388384479179954445e+00
9.700531498204930658e-01
6.567837101192942617e-01
8.672957221229793401e-01
2.075248340899747690e-01
2.283176054874935357e+00
1.046413852162041191e+00
6.353502612207042599e-01
6.688988560400445094e-01
1.254418312147905334e+00
5.867077528113812113e-01
9.304657296895060270e-01
1.609154418044495827e-01
6.880996990345703557e-01
9.600302314655638769e-01
1.184007737351287837e+00
1.921330931172253509e+00
1.090075244739904026e+00
1.513234908521156497e+00
1.214544153137329108e+00
2.205771539272577186e+00
1.914706062531079001e+00
1.017133343875900486e+00
8.646516764240763653e-01
1.405542569562803878e+00
1.109742507648482368e+00
1.057003478272752428e+00
9.504178059071486384e-01
6.839923444313963374e-01
1.088759399516487036e+00
8.969230115716848584e-01
1.144684197087017852e+00
2.227707898070368397e+00
8.754115822778154588e-01
1.188491059739039235e+00
4.156310531180401058e-01
1.325878335757436188e+00
1.414994870512362724e+00
1.846359663139591989e+00
1.168215127534607101e+00
1.469932634122015802e+00
2.062922416049673746e+00
1.287528909182789505e+00
1.368901713747347593e+00
1.291010605530967803e+00
5.270195677553604074e-01
1.899110110865645185e+00
2.141546410786082877e+00
1.898425903563669914e+00
1.230526526162992296e+00
1.377978261299634744e+00
1.411931947015873989e+00
7.907326826016735088e-01
1.360821834580125067e+00
1.558309069677806580e+00
6.547014368165366971e-01
1.754294837028652188e+00
5.070211196176597213e-01
1.565396365940616707e+00
1.998153694192576824e+00
1.345449869058082504e+00
1.068488977112927785e+00
4.609980557576124349e-01
7.652209274814283368e-01
1.622903664929922884e+00
3.302117091335302623e-01
1.182367280563185963e+00
2.299765393905139621e-01
4.120264998369500553e-01
8.444643080330178631e-01
1.890583234553269820e+00
3.488925212537813403e-01
4.276307152283199131e-01
1.573902464876343332e+00
3.039447289798920537e-01
9.603084470663585392e-01
1.024582977238537529e+00
1.553187939222012981e-01
9.447823588758909041e-01
3.099486577760096617e-01
4.179823798914673594e-01
1.323076315979381468e+00
5.228624171074489624e-01
3.101590622758279570e-01
4.970553782251074804e-01
9.685695543493079152e-01
1.459345638640342502e+00
6.605670590533133657e-01
2.049840479615764099e+00
1.683439717350059039e+00
1.954517900610813985e+00
1.770042866631617029e+00
2.105359803547884212e+00
2.117351819818201086e+00
1.645969687430070882e+00
1.765796475704373814e+00
1.646990492779121240e+00
1.902085330005571340e+00
1.561100670168985127e+00
1.938272382117513182e+00
2.154895661142637753e+00
1.782854446921174896e+00
1.581866718842519060e+00
1.900862691255967851e+00
1.695292219772234432e+00
2.117351819818201086e+00
2.110794256772741129e+00
8.509808331549879590e-01
2.050352960085980669e+00
1.461931434133475038e+00
1.831338731571928724e+00
2.001486380935606046e+00
1.355400469951467901e+00
7.800524554458679871e-01
1.102256902706493458e+00
1.283091560969144895e+00
8.980104092981814334e-01
1.062563382910635346e+00
1.241936477735506861e+00
1.193355947174516318e+00
7.812933167149971325e-01
1.121323937177151508e+00
8.459332184518729703e-01
1.049321878054287227e+00
1.256761530424800100e+00
3.185866211297641026e-01
1.139919116513076203e+00
5.545390332206018291e-01
1.665866536693699995e+00
4.994108175000251948e-01
1.246556936733371534e+00
1.049647955834245527e+00
1.676757047985540705e+00
1.332213626752117852e+00
2.069171458636817285e+00
9.983080609035740460e-01
1.273812144805694491e+00
4.695731659654714396e-01
1.085862115626091473e+00
9.570539997230563811e-01
4.303927063984742674e-01
1.116448974504892000e+00
5.802886205027173450e-01
8.100699047132431385e-01
1.579680733552893290e+00
5.802292960820898404e-01
4.733969576480410724e-01
7.022071296031702214e-01
9.991954904342266186e-01
1.004287618188738129e+00
5.414027676218864382e-01
9.593151609023177206e-01
4.594932474826049495e-01
7.129608232217599095e-01
6.426673054555308573e-01
3.879946402335414102e-01
4.313278540856681498e-01
8.796849584894114171e-01
4.991552746807721430e-01
1.701655323757990557e+00
2.291658680930255820e-01
4.416949009704486118e-01
8.587834500417776962e-01
9.592158843384728240e-01
7.331777894951836405e-01
7.683151098277011259e-01
1.375424105265451669e+00
6.052995204532604090e-01
3.687018092969813199e-01
1.346566157006016340e+00
1.194199343114581424e+00
8.522236007908792210e-01
1.168388727098645274e+00
1.289627565778426188e+00
4.556662430739016889e-01
1.316548533275656130e+00
1.123088287486318171e+00
8.564118723507380126e-01
3.970779222031855515e-01
7.618157145912226591e-01
9.518757486536070234e-01
3.590870086245637194e-01
1.116448974504892000e+00
1.122782216336070560e+00
1.152416412148874914e+00
1.199354838953185620e+00
1.778937556237779827e+00
6.228394974585886867e-01
1.257977205607793136e+00
1.351766574950632904e+00
1.672072634934580915e+00
1.883150316114424738e+00
1.380931576338962685e+00
1.629439559514821889e+00
1.132319820802603516e+00
1.023566658730813872e+00
1.906850111675491455e+00
1.603156983000855185e+00
2.079624369174292386e+00
2.991966568237203750e-01
1.297032513366899176e+00
1.459781989371852884e+00
1.535015584366719699e+00
1.570710108995989618e+00
4.823744049260614286e-01
1.628872560363415989e+00
1.357791036352093750e+00
1.860109750211518698e+00
2.317068511186288315e+00
1.603791585386814988e+00
8.058141810908778790e-01
1.579549814274208375e+00
1.944958277945327607e+00
1.288246988434008200e+00
1.700909406578677174e+00
2.230262819050705669e+00
9.030487919487893977e-01
8.483016480723077901e-01
8.331147777098772966e-01
1.230660145412883155e+00
9.434124059878434831e-01
1.750976256421154842e+00
1.042888362674637692e+00
8.536480978688675281e-01
9.633737393994821208e-01
1.351922840439755857e+00
1.577110941685148093e+00
5.675950044659071603e-01
1.197658478642833257e+00
9.828525785161008610e-01
4.168884528567273762e-01
9.032183891404099718e-01
1.253208052993274757e+00
9.783525251166061976e-01
1.426375436918476902e+00
9.356954770929333254e-01
1.533998588622521808e+00
8.063518530159914377e-01
1.326512492409261945e+00
1.803370801783436894e+00
1.736870678585125338e+00
1.651630002336355263e+00
1.540493935188068209e+00
1.426722144687081029e+00
1.715028509923016031e+00
1.564074813682596821e+00
7.161965387677364792e-01
1.829464852423773991e+00
1.465003363832262151e+00
1.691821567859645992e+00
1.783591916991190907e+00
1.224695421103753956e+00
1.515048982806009636e+00
1.712307582840850939e+00
1.694080432759341948e+00
1.446025677139122667e+00
1.559957182193157044e+00
1.287959677037084472e+00
2.157586438779604876e+00
1.468273301828211697e+00
1.875165200469508298e+00
1.353925961167498748e+00
1.832345246507122161e+00
1.011117908476826033e+00
1.330905826041204998e+00
1.372557345217614966e+00
1.471522008692419892e+00
1.643255892634839732e+00
1.848846366629059546e+00
1.567276824668605739e+00
1.638199902369588123e+00
1.752895186531878258e+00
1.184841805418977545e+00
5.746027378599515290e-01
1.769322923788580137e+00
1.503966471474582622e+00
5.238397549218575255e-01
5.554015977273366600e-01
1.641276654059867557e+00
1.426028900524412224e+00
1.186765831277442951e+00
1.445491068336206553e+00
1.167050441086743273e+00
1.435973085451055731e+00
1.368358140907286247e+00
2.091201555037778270e+00
2.006058564522505527e+00
1.722328653308465407e+00
2.234502929598675358e+00
2.296627999053719726e+00
2.329360042518583640e+00
1.871325342180416795e+00
2.236027039622179746e+00
2.234350803746508074e+00
2.283685854191182418e+00
2.160810249619621093e+00
2.265696042817208156e+00
2.319277400583296345e+00
2.037499619838578191e+00
2.138083091457213758e+00
2.154512535268822138e+00
2.043530007439857688e+00
1.816393705995857921e+00
2.068745234606007788e+00
2.246687588670960523e+00
2.019261954325052510e+00
2.097831871518293312e+00
2.214709651113482725e+00
1.928041214204754272e+00
1.810359858503612696e+00
9.024459899532631946e-01
2.203919584069145454e+00
2.009161586972636471e+00
1.796028402569695093e+00
1.690303007660564516e+00
9.486276952935198681e-01
1.536401251564788906e+00
1.098651740679487565e+00
3.688896208187655845e-01
1.202938811052999046e+00
9.224958385255330739e-01
1.201441464317016594e+00
1.999632146895619744e+00
7.554817141537510938e-01
6.795491128761728117e-01
1.011452300474003918e+00
8.706230621006728621e-01
7.264874473222576734e-01
1.307803402103528745e+00
1.357255630757608023e+00
9.300986687394735553e-01
1.016944147608500382e+00
1.527808867360778811e+00
1.306095744370722622e+00
1.379956625791153524e+00
1.608983269432800123e+00
3.470816217713528218e-01
1.813725481636356163e+00
2.018588570057509024e+00
5.163213315730039721e-01
1.045590797156128460e+00
2.805106224056101993e+00
2.163405564133908054e+00
2.044238413783989738e+00
1.373425844051752831e+00
1.339401504192800241e+00
1.811328606948334308e+00
2.244037323743186096e+00
2.081370573245514777e+00
7.188392026534620172e-01
1.713176900061627705e+00
1.663812025746126411e+00
2.061451352597735820e+00
1.834835951277951738e+00
1.347187042697764126e+00
1.149718092629121724e+00
1.352360559529522055e+00
1.378820838774932778e+00
2.080605828234486587e+00
1.971471235491819352e+00
1.025918503516096925e+00
9.634335427699767251e-01
2.040907723309943744e+00
8.223811573103100292e-01
5.552210154540876755e-03
2.551982275105873499e-01
1.427723181413088349e-01
5.134576622835292786e-02
3.900048742724070150e-02
1.303620374038275131e-01
7.258511925678673427e-01
8.303966550343408470e-02
9.363752818434326608e-01
1.938998464936986937e-02
1.708903304554374170e-01
7.308021665823007940e-01
5.462151230512448524e-02
2.890410032215403047e-01
1.809586915712321220e-01
7.540811846784810368e-02
2.186149577936490063e-01
6.993233143963032417e-01
7.808226417261547939e-03
1.424304651157517476e-01
6.904837905594662928e-01
6.454612625599238408e-03
2.684798280135659021e-01
2.971133139982209959e-01
1.439496149982150586e+00
1.339155671411694559e+00
7.719230575182244314e-01
2.149837345757654450e-01
4.515544370626225490e-01
7.735448439568867185e-01
1.274348317143323195e+00
6.958065288071512144e-01
1.249533523581999983e+00
3.092780849474106031e-01
5.703947346241066141e-01
1.043903583695150461e+00
1.240474338493397832e+00
1.059482708642149884e+00
1.569463405188827876e+00
9.242042179080630637e-01
1.603882295612400144e+00
9.472134952632352833e-01
6.461997522041196262e-01
1.076016225304920360e+00
1.357539032302346627e+00
8.183804173591996411e-01
6.333118751551977121e-01
1.618336958145016879e+00
1.415848042530649442e+00
1.555361491316969325e+00
2.031838580999187904e+00
2.049533249557268899e+00
1.922045760645320511e+00
2.127121371360197077e+00
6.569392177854775916e-01
1.955195495966171038e+00
1.705130974026977109e+00
1.936471335216959133e+00
1.749063752338101185e+00
2.332393495125255622e+00
1.887076775027011433e+00
1.838831320253656143e+00
2.056960765917380751e+00
1.943713580740527247e+00
2.103752983766594031e+00
1.757985362067888691e+00
2.161457714360605742e+00
2.033322019076135856e+00
2.066513701738950992e+00
8.728588829319885445e-01
2.124600046380455520e+00
2.061766205042369293e+00
2.039702156607444472e+00
2.117823716351384000e+00
1.883741130468618241e+00
6.326227914374635830e-01
1.719024010615577192e+00
1.878813229498190962e+00
1.564032228423879678e+00
1.855674272843404360e+00
1.665816342954752560e+00
8.756873944506295970e-01
2.078753639696600874e+00
1.374424288640898606e+00
1.898957987959966287e+00
1.865295468405898882e+00
1.866581879599632066e+00
1.419374028680685074e+00
1.920220921822922033e+00
1.781933970736917949e+00
1.677831490085009536e+00
1.770403182364027606e+00
1.854203860517836810e+00
1.753594582364132126e+00
1.909248828957509581e+00
2.084111788538816956e+00
1.917692604770558695e+00
1.653446627151384130e+00
1.865438250604768644e+00
2.385843515379167279e+00
2.171809961558634594e+00
2.079515441737848302e+00
2.131110984362664773e+00
2.002043995405931032e+00
2.322240302329821482e+00
2.254575288557148838e+00
2.280635918671638951e+00
2.212386078116018506e+00
2.237556361508175495e+00
2.194771400399660788e+00
2.860480174624986827e+00
2.435286568933599405e+00
2.485141359490120827e+00
2.300321720641816281e+00
7.428706443882965305e-01
2.385196518463053916e+00
3.234162544162765052e+00
2.173802110223310713e+00
2.314140800470202652e+00
2.138576283035867664e+00
2.381976421168806368e+00
2.492072810744895506e+00
2.368507878397912769e+00
2.420011881242029261e+00
9.238776899310752189e-01
1.272853591434451426e+00
1.293697295187268503e+00
1.469637345888666902e+00
1.990644357378872797e+00
7.170714676931951859e-01
1.451071326063390954e+00
8.623771689413068930e-01
1.644514362699545318e+00
1.259998232099085902e+00
9.328256411075114274e-01
4.063438095985296150e-01
1.153585855615580469e+00
1.321244058674487798e+00
1.298924036008595184e+00
1.011598632542286103e+00
1.037291555697191781e+00
1.095403274918853365e+00
1.379599472368070456e+00
1.493791973869007306e+00
1.035747405700163437e+00
1.170698471092308290e+00
1.753536266609286853e+00
9.528027908585365857e-01
9.933898624073185246e-01
2.082136537455816949e+00
2.449889654196206745e+00
2.160163689447883062e+00
2.185939935644817034e+00
1.987834470793067965e+00
2.703081012352524404e+00
2.172340358681173367e+00
2.107780272802126653e+00
1.777536566798638251e+00
2.263092301947652984e+00
1.910724458038922435e+00
2.038599652024943421e+00
2.284366511203976380e+00
1.903157476247016922e+00
1.841351945681863889e+00
2.275933334247349560e+00
1.999817261120777179e+00
7.268954576582271621e-01
2.071522435913745852e+00
2.341042071751502363e+00
2.345530970806671167e+00
2.117705698001356662e+00
1.843061717128759991e+00
2.381121884983111947e+00
2.030064336977237982e+00
7.129123443523563974e-01
1.608900489332562300e-01
3.152607203321842327e-02
2.493759328396583375e-01
2.613663554063639372e-01
6.191310952469472051e-01
7.930503696995926111e-02
1.015044817679074535e-01
1.426963493617872947e-01
1.755595285090614521e-01
1.446591416339198244e-01
8.299801618845893403e-01
9.820438571946116246e-02
5.941377259809086375e-01
1.308044533556980971e-01
3.340656762591825979e-01
1.083447143389289158e+00
3.193119128654891559e-01
9.193548442466422665e-01
5.373150664475646598e-01
3.058484987664323862e-01
3.659685450154280800e-03
2.780291266998558553e-01
7.299675828098237673e-01
4.156037256450339501e-01
9.016364907684638608e-01
1.143454344851672300e+00
6.422359411435384358e-01
5.910304779208227499e-01
1.564713933215894581e+00
1.049191478177699643e+00
1.373618984536579379e+00
1.156736579250521979e+00
9.719207018033478862e-01
6.741279048636733551e-01
1.145263550604893377e+00
1.292945237587199925e+00
1.315208021555015039e+00
1.375585494827847866e+00
7.960551172626624261e-01
1.043925195832520858e+00
3.095804829097205113e-01
1.218852976744346339e+00
8.411034188187478389e-01
7.200243554143026525e-01
4.701889893478101157e-01
9.586402665932103329e-01
6.898158498169389974e-01
9.049157922680577393e-01
1.017070274408290009e+00
2.099645921491445133e+00
2.224125524871391590e+00
8.930507418017632482e-01
2.556273252203342228e+00
2.272107801984802666e+00
3.105434027262783392e+00
2.682839569685907311e+00
2.319646651220138356e+00
2.593154637228368031e+00
2.378568657325167646e+00
2.628747370922253079e+00
2.597153158038560949e+00
3.706672763349956767e+00
2.551046484973880979e+00
2.192547461389173780e+00
2.549750615956827726e+00
2.850868476517084193e+00
2.562906492516868973e+00
2.434315110795550297e+00
9.011661232090587559e-01
2.222641255348616340e+00
2.940200430126079123e+00
2.906925598936247912e+00
2.475902139749337927e+00
2.363770808501586274e+00
