4.475825425762422483e-02
2.393832288553339894e-03
3.103704030580711412e-02
6.884808905996083750e-01
5.228701461508437204e-02
2.506628300880075198e-04
2.737978187197984137e-01
3.045558061810373952e-03
5.477010162842324732e-03
2.042860123745139922e-01
1.015201889330526359e-02
1.431333616578590005e-02
3.443142084868633934e-01
6.320909814132885662e-02
1.908156845171085081e-01
1.200418451125300906e-01
3.759942412829220330e-05
5.275138083143802309e-02
2.774299331294627913e-01
3.246089316363962116e-03
8.652384698668011409e-02
1.360901680185045703e-01
4.712811148250977134e-01
3.482410409204839130e-02
5.727676924675991280e-03
2.612237032398160852e-01
1.491444376335009569e-03
6.962768621497390786e-02
9.685694612970478790e-02
4.687412038674836079e-03
5.502907028593549965e-01
1.526595912581930718e-02
6.597214776008464288e-02
7.223488926441459235e-01
1.856107790488916165e-01
5.138588189135272254e-04
1.748213650240220962e-01
2.419132218428249326e-02
3.722455969144570220e-01
8.276654339103549640e-01
9.272756204067644781e-02
6.577169945787983973e-01
7.084272099538454492e-01
2.544230443594410526e-03
5.188720066784135998e-01
1.316387931723381199e-01
4.689855006341324128e-01
6.165195687543065933e-02
1.571720636304865457e-02
1.813663877707527849e-01
8.271874249606732659e-04
2.410840170973498342e-01
2.381296883403890652e-04
4.399146811012160686e-03
2.135474279297573108e-01
1.713364251707810010e-02
1.780801892982046553e-01
5.925385713251347664e-01
1.230785556049096736e-02
3.926472989269531033e-01
8.859975852623246106e-02
2.012411711773130218e-01
2.351433997753701530e-02
2.001541813506237943e-01
1.328552067213319837e-02
6.628616214828902953e-02
