5.613044624596280618e-01
8.237880478236445647e-01
1.189685567580736292e+00
2.562860087125426456e-01
8.337355865937664534e-01
9.758475845641940705e-01
1.025876077733750114e+00
7.772352308837950918e-01
9.325545678272659789e-01
1.408679362415158787e+00
1.506066902543875541e+00
1.431489409693959436e+00
1.104214733306539742e+00
1.049365348645076024e+00
1.355965956596885125e+00
1.154708054603784673e+00
1.278395528176097473e+00
1.104745227319557266e+00
9.438819045582992340e-01
6.696828290401828365e-01
1.174387124769682655e+00
1.971118632755390343e-01
3.007173990991615642e-01
2.762318445104362530e-01
1.265310622999140877e+00
9.825478941047318671e-01
7.735786528039441112e-01
1.355588917336961519e+00
2.056427262808678269e-01
4.238023008344196096e-01
1.085658743206462606e+00
1.418227674736163568e-01
7.877037697882778300e-01
4.873081118638779019e-01
8.137119267664145728e-01
2.911063284884937707e-01
3.025143446042781181e-01
2.482512698355742731e-01
5.533993265110538351e-01
5.368807337129279933e-01
2.953585419767840725e-01
7.732575044466218905e-01
4.059082718219622077e-01
3.182042620716993286e-01
6.278991619971154847e-01
3.595415506404440742e-01
5.443800083334094930e-01
8.530348110051144683e-01
6.397732897069769997e-01
1.663461956631659744e+00
7.068977859255902718e-01
7.587368308907276315e-01
1.388220210060189919e+00
1.414585713541748557e+00
6.034941591033552433e-01
5.732284849062491139e-01
5.785838567276889721e-01
1.187577263188578369e+00
9.853544408525838350e-01
1.149232798278233547e+00
5.642999727086633888e-01
5.896579380595545761e-01
1.083402063868356358e+00
9.045761031572415733e-01
1.047671462463438452e+00
8.758896990558339146e-01
9.740534517390346814e-01
1.093213661886461630e+00
4.219657733782595788e-01
9.146793275031805948e-01
1.722162973998307089e+00
1.281979037115648090e+00
1.090097948279452611e+00
1.676450419782692158e+00
1.635520408454043784e+00
1.743593485892142914e+00
1.216958515647065475e+00
1.624214674820059878e+00
1.744109487563332062e+00
1.674817725407106384e+00
1.656206536442234256e+00
1.728324851500274262e+00
1.713938616092685274e+00
1.658383920521694366e+00
1.610906972839833085e+00
1.736247962419122270e+00
1.443108177876276210e+00
2.010673073219878315e+00
1.929893782229607613e+00
1.895395684524776359e+00
1.753011692966697455e+00
1.705613844541388646e+00
1.869092113905955310e+00
1.788843643519156590e+00
2.023127538445026463e+00
1.744913081052489767e+00
1.892683289273909386e+00
1.346690292615656093e+00
1.976925959428919466e+00
1.928604338808093122e+00
2.178081092289342990e+00
2.036003538017524317e+00
2.011620089904209596e+00
2.202783665435702254e+00
1.663812025746126411e+00
1.914862823688274318e+00
1.778937556237779827e+00
2.003627292600473009e+00
2.216752632208907503e+00
2.018877051224289065e+00
1.766332990059082286e+00
1.941976047826600160e+00
1.819271625981627283e+00
1.575201244686400104e+00
1.680500382247219759e+00
1.952153356921242144e+00
1.910258020425323666e+00
2.094673797860407749e+00
2.010389319530791141e+00
2.001300647663901700e+00
1.907081766462111361e+00
1.966854390284227039e+00
1.983066517537855677e+00
1.011201495875770906e+00
2.094224345782838004e+00
1.546143148597493022e+00
1.265924818324456913e+00
9.266659532274184041e-01
1.378107824930755898e+00
1.445241725549651468e+00
1.281067380689233426e+00
9.390988395992366788e-01
1.122193913410577837e+00
1.565268354270555662e+00
1.519924309382975069e+00
1.315178259241562841e+00
1.522595245591095825e+00
1.033350291299084844e+00
1.012979401325890816e+00
1.562670995175648780e+00
1.412135730014143720e+00
1.849955247672203651e+00
9.394884880847148567e-01
1.335049946277184985e+00
1.630669857958274793e+00
1.548591294396856943e+00
7.858250309907467424e-01
9.211157463965048420e-01
1.781933970736917949e+00
1.569420458891553460e+00
1.098445507892940709e+00
1.678753984567817215e+00
1.357003809756035961e+00
1.253318000705976099e+00
1.695344962663908550e+00
1.832210937236894877e+00
1.738061374074731047e+00
1.529219653422218217e+00
1.591620504639511102e+00
1.451286855239702245e+00
1.148190330884524935e+00
1.439955462567586331e+00
1.470708376166604658e+00
1.666770742546177075e+00
1.682922992124451289e+00
1.752778703885560230e+00
1.263276022859955550e+00
1.412883436526058523e+00
1.789278343544656869e+00
1.177515035299265156e+00
1.383635801963172929e+00
1.443605418065374124e+00
1.801335599509753527e+00
1.145505061392696922e+00
1.168860103502336267e+00
6.686950904021147224e-01
1.065256216997124250e+00
1.164429495941645021e+00
9.492175055461948840e-01
1.018037784583845751e+00
6.438541745332083677e-01
9.206561054095658836e-01
7.465752381353589762e-01
1.140375248960106669e+00
7.578346102313319177e-01
8.707695399198167596e-01
1.259056292256972798e+00
1.127313397260069738e+00
1.113322375288026800e+00
1.907468085350128684e+00
1.147996521088702648e+00
1.142515035304222604e+00
9.841332506590754203e-01
7.207716836595343679e-01
1.015180068037616623e+00
4.795463539476978454e-01
1.007238866005469635e+00
9.610838684849426494e-01
5.539837016021844640e-01
1.145094532791663289e+00
3.226372232021946229e-01
2.663495700529212029e-01
1.878809200176730643e-01
1.505001910733500536e-01
1.647866836817303504e+00
9.086482514711737013e-02
6.087344253240435654e-02
2.771954932034326191e-01
4.773681359644506572e-01
6.105462738988287619e-01
6.158401887479719727e-01
3.172683378311227931e-01
1.886349641125095039e-02
8.483914548361671804e-01
6.629071846418079783e-01
3.431441743678247946e-01
6.559442429705940603e-01
1.909816113542510962e-01
4.851640232135582265e-01
1.106431032223967881e+00
3.984886812818265733e-01
1.674194783051288493e-01
1.838132006113647465e-01
1.573167666562947931e+00
1.491691646584980324e+00
1.220276698458757414e+00
1.331483410667119172e+00
9.850897249779735354e-01
1.831003638506156550e+00
7.667671010291157163e-01
1.053591461676015140e+00
1.745602773431856880e+00
1.485052188206196666e+00
1.342697328838650561e+00
1.915254932583182246e+00
1.148190330884524935e+00
1.592911705344518980e+00
1.044660298842692958e+00
7.717204769821850441e-01
1.193151615346591088e+00
1.814505088811685374e+00
1.140135149681732463e+00
1.473968769689256497e+00
1.531604748634797453e+00
1.069443222461485821e+00
1.636236978612566118e+00
1.812493353481925418e+00
1.376716226336500482e+00
1.901779403724740858e+00
1.895169118496164318e+00
1.101383002488113050e+00
1.910258020425323666e+00
1.792455695755827971e+00
2.025266562935508219e+00
1.802415871102415190e+00
1.761226940358101789e+00
1.916905013839889316e+00
1.862518785801970056e+00
1.715465038446949642e+00
1.954687215325909611e+00
1.263109027906644366e+00
8.908679801390024799e-01
1.549589811207119139e+00
1.593268366401425773e+00
1.951227407796384927e+00
2.180100671678819158e+00
2.015139829237459157e+00
1.723268396931260105e+00
2.336023822151189311e+00
1.130489548363562191e+00
1.343562199276001845e+00
1.544364727465894038e+00
1.949045426814044912e+00
1.374940151400856347e+00
1.137354787184891247e+00
1.051040476770943144e+00
1.328751402979192475e+00
6.028026254297722542e-01
1.205112175865506119e+00
9.893539434110291131e-01
1.285206880224432302e+00
1.257203379165983792e+00
8.531249801245870401e-01
9.767963165342784526e-01
9.869849839618798359e-01
1.016250739180766693e+00
1.125540654078287961e+00
6.282960786427250754e-01
8.551646556054441906e-01
1.155318555726692509e+00
7.897735990795069494e-01
7.073483915416131085e-01
1.027043460367399463e+00
7.127022886091741727e-01
9.199670083936083431e-01
6.188275057624773590e-01
7.416325442928627387e-01
8.131361538466450600e-01
7.897735990795069494e-01
1.293436884766144823e+00
8.760552476728833415e-01
1.395815704374527177e+00
1.529597709796187976e-01
4.418883518634058594e-01
2.567911530087051974e-01
4.766378865658155162e-01
2.310319253711463905e-01
7.562822299344719168e-01
3.728098114269764451e-01
3.534247949632883246e-01
6.439004345364099935e-01
5.829751930478574984e-01
1.001220950539885690e+00
4.003482968420120081e-01
4.098990531280252703e-01
1.371022171343426188e-01
1.564330384820387332e+00
1.042111472945753681e+00
1.413597893981526576e+00
4.966016349170576660e-01
3.840518742720176459e-01
1.754577071775801078e-01
9.283230904069414979e-01
7.436636263587753648e-01
7.897735990795069494e-01
8.964546326199787085e-01
1.521437836345179262e+00
4.183790519287104437e-01
2.334783232670680220e-01
8.345164882412858809e-01
4.238571444961579116e-01
1.207057501778830089e+00
8.756690049000440679e-01
2.992097637095265106e-01
5.928373634912100787e-01
8.777857483193310939e-01
2.679601409184841909e-01
8.112014379397369801e-01
9.415950597636545405e-01
1.489293874675353901e+00
1.282634948872013458e+00
9.616409378647193806e-01
3.077796596840573495e-01
8.499911618645414890e-01
1.064836333532311219e+00
1.709920712587202352e-01
1.112065474394634990e+00
1.856490318949886031e-01
2.481866435850267338e-01
7.134133735043184377e-01
1.150106523153649585e+00
1.843541420006747478e+00
1.088668721045920496e+00
1.370022109693502577e+00
5.657260849995244811e-01
1.619498727781683023e+00
0.000000000000000000e+00
1.189634702876740668e+00
7.372505464995886548e-01
7.065920995580073916e-01
9.346862791698186124e-01
1.095060801770837644e+00
6.895614771471653137e-01
7.680289261267350120e-01
7.227556810558987133e-01
5.624492085071350900e-01
7.735617482698889935e-01
1.632234953756151130e+00
6.637661403958771134e-01
9.136324678649152542e-01
6.908496981952768623e-01
1.169729108984354671e+00
9.663281587743803858e-01
1.601754084980296700e+00
1.124337206304902637e+00
1.291529882613101643e+00
1.562543527926744336e+00
7.178009946495255145e-01
7.013894565921970914e-01
1.063997129308234424e+00
6.862904023352065508e-01
1.240068659034215148e+00
1.559322791457453450e+00
1.138767837004398542e+00
1.460182221854640083e+00
1.416839014977121947e+00
8.969230115716848584e-01
1.421677137860682949e+00
1.601528106120490236e+00
1.612744630230403819e+00
1.526481477081146565e+00
1.300440607042344654e+00
4.745889273181838619e-01
1.072378635421857629e+00
1.378237411699938075e+00
1.282036051027044765e+00
1.034997668570907026e+00
1.464527041715190547e+00
2.687916750698022827e-01
1.223475903484406935e+00
5.058527846280633788e-01
6.585418726236197395e-01
2.440914425404418775e-01
4.683840110172242666e-01
3.720441204553880943e-01
1.436781811895994743e+00
8.389809495705269349e-01
6.884967757523371423e-01
8.030254929549059950e-01
1.349770749224102895e-01
7.119592667816180276e-01
6.988272445288807866e-01
3.116059655215349666e-01
1.034740749731446252e+00
8.971666464041891942e-01
4.076236480800302098e-01
9.372888438107567222e-01
2.133166340950467255e-01
1.948504828960245794e-01
6.033738716535781421e-01
3.676824877321489549e-01
1.542097098264404220e+00
3.274467660878077058e-01
1.703631247189148379e+00
1.174062481241035849e+00
1.356123113194853458e+00
1.388253060887320478e+00
1.801589591959873893e+00
1.805605390973778368e+00
1.201003096961578143e+00
1.328145635362607546e+00
1.344737561917098256e+00
1.580117326809841405e+00
1.833488212064148470e+00
2.092542657512411530e+00
1.687433639582334832e+00
1.209788656632131643e+00
2.360303281302015055e+00
1.709923609335481043e+00
1.108374761661149677e+00
1.366634174001626123e+00
1.682406715857269530e+00
1.662962211246853395e+00
1.604245268552816794e+00
1.706742091577073461e+00
1.943796466912222964e+00
2.017436322119865899e+00
1.311111784295700522e+00
2.580607795205971944e-01
5.325429542217511303e-01
8.613414734319554400e-01
6.965091964252343448e-01
8.353867280773457082e-01
1.439637444584324077e+00
1.094056954026350503e+00
7.001718327437743694e-01
7.594055408619234671e-01
5.694069520783783256e-01
7.890376527523950134e-01
6.831374388865408820e-01
9.715589756797150534e-01
9.325352080722104642e-01
4.739718236502458160e-01
1.224138458945888130e+00
8.512328825846527947e-01
1.118719086402223617e+00
7.374808246328500294e-01
9.305043749771011452e-01
1.847187295601026236e+00
1.407834776700800594e+00
7.387809850667301781e-01
1.023968825004454297e+00
1.321844309868011269e+00
8.907561580646548016e-01
6.174013982135273526e-01
3.173078782972381662e-01
1.321484102017264961e+00
1.279355214042281752e-01
4.976794424341601797e-01
7.116363363957035615e-01
3.390527398570438722e-01
2.028145308426861915e-01
5.781838516435116038e-01
4.903022996061513483e-01
7.216982796816941992e-01
1.213421951738766352e-01
1.226182514007407631e+00
1.134169528509357538e-01
8.081921083589118648e-01
3.222411665150570204e-01
8.989299010377607146e-01
2.224032269272062379e-01
1.223052149694012547e+00
4.297328287324332363e-01
1.000476427027570336e+00
9.451153293931179311e-01
2.072175011422081325e-01
3.493720683323567333e-01
1.292569482865221886e+00
6.060523366709804627e-01
1.038000118322787824e+00
1.252686008119630712e+00
1.542913720054061577e-01
1.273530095866827860e+00
1.320434473913876472e+00
9.202349386411980969e-01
7.429036759755320851e-01
1.007259680549922543e+00
1.712199009130536576e+00
6.802755545854013430e-01
1.226474940342815012e+00
4.176678246928539062e-01
3.579242532886964812e-01
6.773071300425917429e-02
3.134879159954720995e-01
1.216958515647065475e+00
1.290779927419860140e+00
8.972041334128837420e-01
6.275786476781639589e-01
1.336793657739050012e+00
1.269872641202932195e+00
1.507392812562291962e+00
9.859859652184602696e-01
8.719420358125467008e-01
1.392999307799602127e+00
1.010345059679687907e+00
1.127005868005126032e+00
1.100785555071066568e+00
1.337866375054818757e+00
1.754061323229951341e+00
1.189711001087013553e+00
1.739140797372818348e+00
1.726207996269677025e+00
1.814960369448932909e+00
1.016902108936749372e+00
9.134232160719714111e-01
1.708141985838273591e+00
9.428844685433842576e-01
1.236857474719694316e+00
7.292479581005469891e-01
8.456106184170052442e-01
8.245097114993403808e-01
1.263860782814661965e+00
1.878300998863156268e+00
1.071821977002076709e+00
1.185347702627221000e+00
1.288132051115211452e+00
1.586393826395101625e+00
8.951816356365903671e-01
1.545687738199741812e+00
1.482189047516539349e+00
9.199478730458621190e-01
1.579986317208478708e+00
1.046218854030203538e+00
1.553348078226717943e+00
1.036026027818120365e+00
1.417010012983188627e+00
5.873480147941743112e-01
6.079057285072460015e-01
8.200633394797839371e-01
9.826291343617921115e-01
1.158303999046102817e+00
6.037197216112295539e-01
1.361391502659133446e+00
1.094353430629094737e+00
6.272429399066382638e-01
3.228616777878102750e-01
9.579261482191286925e-01
5.589292589738530381e-01
1.135346896953481233e+00
1.256430304815306931e+00
7.119915639035585553e-01
3.199582233714994284e-01
1.035019081558050891e+00
1.318399344859296329e+00
1.180478390894131424e+00
1.063423368425668647e+00
1.097964479649983893e+00
1.024053512693530621e+00
1.472262520894784155e+00
1.089235608435503488e+00
1.249971386444832300e+00
1.427867498877262165e+00
1.647818117828861118e+00
1.206616160983832398e+00
9.871073804891631331e-01
1.065433066232107873e+00
1.067557861853722478e+00
1.030234368138515544e+00
1.091188379707804801e+00
1.162974126860852220e+00
1.054159278929561960e+00
1.416873211264029653e+00
1.647525886000004380e+00
1.104376155105512236e+00
1.458764269544775782e+00
1.301229238445319458e+00
1.236292117663390533e+00
1.730953827237897480e+00
8.406393627725193829e-01
7.605598644667254105e-01
1.229404990760514904e+00
1.266064474788690442e+00
1.292165027925793686e+00
1.342326977347254591e+00
1.570925304834305258e+00
1.126509315009801337e+00
1.148893253208219223e+00
1.314077871601530001e+00
1.712579105462148199e+00
1.232854643700100450e+00
1.324943173121311935e+00
1.490320442125030009e+00
1.564841833847355090e+00
8.860510847883408259e-01
1.580204681613240680e+00
8.586203627637881697e-01
2.175135017863561337e+00
9.789190069079858336e-01
8.946204802875581397e-01
1.395052528258546864e+00
1.468420634369140165e+00
1.333645694592732855e+00
2.002136991697498480e+00
1.872481637364157958e+00
1.641855277834752602e+00
1.761345165159041271e+00
1.757867834069765101e+00
1.965901411506468355e+00
1.673443603887662334e+00
1.747965509207006551e+00
1.776989302007018212e+00
1.668633679321280816e+00
1.655170092649059344e+00
1.604290655034123159e+00
1.298195977582228933e+00
1.589932592814099932e+00
1.506027945255852707e+00
1.674512091749964737e+00
1.808363145130192695e+00
1.624120938647824364e+00
1.590065684380905120e+00
1.657343734295608551e+00
1.735230422256290650e+00
1.666871294020524141e+00
1.871903176926163592e+00
1.663711985193417231e+00
1.609349230146557508e+00
1.025155121746208930e+00
1.589799529404394063e+00
9.411070559704856064e-01
7.934941093004963530e-01
1.149378358161480040e+00
1.729777700836220733e+00
8.197826912469958760e-01
7.887468150844531012e-01
6.559131604737875598e-01
1.639255786036601492e+00
3.856039599784119587e-01
1.485694296263666558e+00
8.608693576508777978e-01
1.000703861471160305e+00
1.016712957148996122e+00
1.134463919654040476e+00
8.104353635133453304e-01
1.061395942726536923e+00
9.507131715397033611e-01
1.309721699527828243e+00
6.369767317106859172e-01
8.162450422559859309e-01
1.067314151235118302e+00
5.458340721335785961e-01
1.222575689043445379e+00
1.791706455025574352e+00
1.122735137801777805e+00
1.616621537302836753e+00
1.806565838341097185e+00
1.907313523635484787e+00
1.475902754325708832e+00
7.456977809006051228e-01
1.406721458943315906e+00
1.341278646691040022e+00
1.663862052267468306e+00
1.901702949958377742e+00
2.345727215901180607e+00
1.544406030647979655e+00
1.162481340070426583e+00
1.217484316587867044e+00
1.517145312651500655e+00
1.487813820073731863e+00
1.119140978846691059e+00
1.798423004259782187e+00
1.332639914387499180e+00
1.684474518358328954e+00
1.743307018778700535e+00
1.176187395944732872e+00
1.464307312763925673e+00
1.749005897455294445e+00
3.320519921566046362e-01
7.220344954679573657e-02
7.111359409013776611e-01
1.135527010819981780e-02
4.876750880720034931e-01
2.113681601276731770e-01
3.220431571288974171e-01
7.003960538344303766e-01
9.345698945091640564e-01
1.336824285461426731e+00
8.072369176541968061e-01
5.286042664921924983e-01
5.997392885910112215e-01
5.463406416112654568e-02
4.889317735812564458e-01
4.239942592287634926e-01
8.454851866122342630e-01
4.078687996561202733e-01
1.439037140883780985e+00
1.098857297659912718e-01
1.131268353762648615e-01
3.510911062109469127e-01
8.664927508851789639e-01
4.145518536676566224e-01
1.191238422110790340e+00
7.988282628661735885e-01
1.007113987901613772e+00
1.082343328234176116e+00
2.755678575846253753e-01
7.549483058340092922e-01
8.249675744482115602e-01
6.362246635328383526e-01
9.102892240679575364e-01
7.166339346574980285e-01
8.270301020011664450e-01
3.790644561046010441e-01
6.567059622420673426e-01
1.037828297717702242e+00
5.105160116426886718e-01
1.257756035482369583e+00
3.443408056441800702e-01
1.507978616253347059e+00
4.560416891050218524e-01
6.367925184505206504e-01
1.015117123620428385e+00
1.331453000401483733e+00
2.904787569795281854e-01
4.089450328529732337e-01
8.302985636140381986e-01
8.030254929549059950e-01
1.390490441045121539e+00
1.595054719073991878e+00
1.694870446316029344e+00
1.296103004542613402e+00
1.599543009516257275e+00
1.787108215008750500e+00
1.605653788873955712e+00
1.586614417772649999e+00
1.490472659826879598e+00
1.141745071989388904e+00
2.169430704297167889e+00
1.298166869556049763e+00
1.506846528768098326e+00
1.645969687430070882e+00
1.654775724193043196e+00
1.662013837592867471e+00
1.631665365504256116e+00
1.899795208373279198e+00
2.019743504275525403e+00
1.822230622331591610e+00
1.934106784034123949e+00
1.762173428895076777e+00
1.613849844143991019e+00
1.637002247306210467e+00
1.685044428632854085e+00
1.187298245291442234e+00
1.303717266697892452e+00
1.403425477671235155e+00
1.353236775889695487e+00
1.680037601705659966e+00
1.572002376805966106e+00
1.322204689309363745e+00
1.221861518022666182e+00
1.560888759120298674e+00
1.474228792718150549e+00
1.540658180004825129e+00
1.181233441039740928e+00
1.352861127405626362e+00
1.401984082449349689e+00
1.444280815470804891e+00
1.302457609433188113e+00
1.241502974568095441e+00
1.133915487378615028e+00
2.006058564522505527e+00
1.198711872367275832e+00
1.282549363870321590e+00
1.413155525741720764e+00
1.539673333791975240e+00
1.369637780242878078e+00
1.307007983822507935e+00
2.240168281598285738e+00
2.538590539676796265e+00
2.085874419535911350e+00
2.502843523400409609e+00
2.097153378963531267e+00
2.211517809186679173e+00
2.161198619736564908e+00
2.195608183514458300e+00
2.170222425631282093e+00
2.539534805916674021e+00
2.306369405444311571e+00
2.202925499895091122e+00
2.349275171271741680e+00
2.362543729576402018e+00
2.161716954164668358e+00
2.204915850947367417e+00
2.438704892300126215e+00
2.428055980361045751e+00
2.190748462377390293e+00
2.039501516770050760e+00
2.251087436367935624e+00
2.550074181934538498e+00
2.355254972202138752e+00
2.095686614951915772e+00
2.153365051283269604e+00
5.758005525771882072e-01
1.519526590969140667e+00
1.051040476770943144e+00
9.487259740825993992e-01
1.327994269587906118e+00
1.157887375687123521e+00
8.797772339055769386e-01
1.139727131682023220e+00
1.219195498729824356e+00
8.645606102664081805e-01
7.575173089120403880e-01
5.493431212542294606e-01
5.481775436146303360e-01
7.242536936683409143e-01
1.231355319981758845e+00
8.976540759037724415e-01
3.958577106426298120e-01
7.617319538810274349e-01
1.570494985871502935e+00
1.176437735236199877e+00
6.942427294970116014e-01
6.580437794890660053e-01
1.228231705138040697e+00
7.727505903977963664e-01
5.668884084846734783e-01
2.182535963996706574e+00
1.755990679750824679e+00
2.069598058899494220e+00
2.105704830275735961e+00
1.573772732831851373e+00
1.490244346221519356e+00
1.685251804491870287e+00
2.407094690453242425e+00
1.862873968834831695e+00
1.762055031478225731e+00
1.791207519423762440e+00
1.766750630788218590e+00
1.578242107995851073e+00
1.668179999505078781e+00
1.712742079658687411e+00
1.947289807329132261e+00
1.862731867421651755e+00
1.894791724493497531e+00
2.038900089373047564e+00
2.082136537455816949e+00
1.877789260583520248e+00
1.995301558823694199e+00
1.846704356281531956e+00
1.524074907818191660e+00
1.785254780505376226e+00
1.148990252568398374e+00
5.718257949697368447e-01
2.480186201838908977e-01
4.743084032601345146e-01
1.285149633799021140e+00
3.369958878581766903e-01
1.211510011606163006e+00
8.174522965055428525e-01
8.995683626003053712e-01
1.008551035680811836e+00
1.064725869081745824e+00
6.986352636498025515e-01
1.909050290840171027e-01
4.707909890725483493e-01
2.993015133495621205e-01
1.284034169248023494e+00
4.065207688356062277e-01
8.185030520608850280e-01
1.640661807543315059e-02
1.813536468085477638e-01
2.449824761461300293e-01
2.137063260514351914e-02
3.590201704696835971e-01
1.008321801587349853e+00
6.455204040707253066e-01
6.460762121863989904e-01
1.112810092334082235e+00
5.423026940788370220e-01
1.285264130861973220e+00
1.106477262921052418e+00
1.286782810352213424e+00
1.652758614051557551e+00
1.133391218930714706e+00
7.252478377679411059e-01
8.332743836060736431e-01
1.031321669116132433e+00
1.288218252508844586e+00
1.707926399557386787e+00
9.656087405178401806e-01
7.916410570699232707e-01
1.063048406284117231e+00
7.037314993376648786e-01
1.355871678711000561e+00
9.642911033745467098e-01
1.523874758435367349e+00
1.697670333387471642e+00
9.879849887268226105e-01
6.377445197843197855e-01
1.133915487378615028e+00
6.672538491286187368e-01
2.653338075854266176e+00
2.485416334962839091e+00
2.661904153105725257e+00
2.188269186830364976e+00
2.759442925572271665e+00
2.553324616648986023e+00
2.943046117412743357e+00
2.361523874310144766e+00
2.558913050372484843e+00
2.583159679928694885e+00
2.473758608859249808e+00
2.317619674136524033e+00
2.717888370038918477e+00
2.412351332053719322e+00
2.418608462677940718e+00
2.618953381523409174e+00
2.683297998692675268e+00
2.952707778611790790e+00
2.736481958893023592e+00
2.796246197776070197e+00
2.663641038856435106e+00
2.608274302171830428e+00
2.598250906348329003e+00
2.580350785716935658e+00
2.678286009659414102e+00
