1.738288452811937557e+00
1.426843532932419167e+00
9.521912456172871853e-01
1.311213287840765629e+00
1.252086183816328413e+00
1.550809395185982265e+00
1.747215292685903698e+00
1.116349111211372369e+00
1.858486209154626589e+00
1.910564220476037134e+00
1.845716822263553158e+00
1.672895722228027848e+00
1.957593099000795922e+00
1.736474326756766162e+00
2.273434650942773416e+00
1.989631178793273225e+00
1.363685191611010650e+00
1.563223646866277017e+00
2.168569476599779389e+00
1.552568249843892856e+00
1.599693175053781280e+00
1.661383927773543823e+00
2.096927429164341827e+00
1.587497556257504883e+00
1.363050274477149104e+00
1.204016158143519144e+00
1.251875085278634447e+00
2.388604452394608391e+00
1.713702740582013329e+00
1.743994780391609378e+00
1.873963298569500724e+00
1.242432791883811838e+00
1.059718404554405247e+00
2.268453381980088501e+00
1.308047664710796143e+00
1.888659266721386398e+00
2.043283416696650256e+00
2.239834104221884559e+00
1.418225292013915562e+00
1.949081318389475515e+00
1.883407525429246165e+00
1.590376340950165002e+00
1.987275348758628768e+00
1.590598332504825407e+00
1.729498023122342243e+00
2.278834199787700410e+00
1.496163279237352484e+00
1.131563050309934537e+00
2.096681952918860503e+00
1.388861071615319798e+00
1.170831118956791039e+00
1.204231795319959497e+00
1.506911538974591513e+00
1.312483223664717702e+00
1.095972271897924344e+00
2.229572125919089487e+00
1.734440242437603530e+00
1.190754438197558107e+00
2.349526672649793646e+00
2.051296354986980042e+00
1.011243292224774715e+00
1.980247937762077415e+00
2.277607051456949083e+00
1.108101040139536808e+00
1.369424351269721063e+00
1.492335895338217311e+00
1.273484543618931708e+00
1.633501162809912755e+00
9.991954904342266186e-01
2.240356366366311747e+00
1.368145085413212447e+00
1.319506016654638403e+00
2.032777572275185740e+00
1.195649583773333857e+00
1.777978370217620396e+00
1.425327688348245969e+00
1.331791927254965424e+00
1.336865124375394842e+00
1.538629645695911652e+00
2.356662453323738582e+00
1.360516083902155948e+00
2.671278546454236125e+00
1.274461242221932356e+00
1.824321722458958295e+00
1.472731202952484164e+00
1.432721299604598597e+00
1.247454839790067771e+00
1.340139488639525034e+00
1.870231963164174838e+00
1.379523735170956611e+00
1.949081318389475515e+00
1.474477983925746472e+00
1.833992062459658845e+00
1.079502822219028157e+00
1.402344158155831799e+00
2.609165405924859016e+00
1.513663877184071582e+00
1.456356414831363466e+00
1.441195668450850897e+00
2.650023756743061121e+00
2.158080563593194778e+00
2.140096872731719113e+00
2.731594976499122751e+00
2.104850222678048777e+00
2.458922134330082887e+00
1.234131664323676825e+00
1.931100798978647948e+00
1.501515726342791845e+00
2.105099948919117558e+00
1.136493701735487472e+00
1.124030705437503830e+00
9.371786565760674703e-01
1.567490864133440409e+00
1.409499571753650260e+00
1.401088868147896127e+00
1.462128930029289453e+00
1.189906016874403560e+00
1.317584261083313057e+00
1.405912867131424937e+00
1.757646404974264165e+00
1.397544149401495739e+00
2.179401069063325647e+00
1.342193284545563747e+00
1.651500770093992987e+00
2.228794422808773046e+00
1.374349089207888452e+00
1.247035133784604621e+00
1.684265163102066643e+00
2.344725431099119461e+00
1.925893709598517356e+00
1.823637478966894543e+00
1.693108678857636162e+00
2.097681011924884320e+00
1.661157502636591454e+00
2.129807611934030565e+00
1.471206447320780430e+00
1.681122461083768727e+00
1.004785806070705556e+00
1.624868993606179757e+00
1.586835086382769378e+00
1.934441863230286662e+00
2.620364528463416054e+00
1.408231606874206232e+00
1.770671258523377256e+00
1.877720908834659141e+00
1.206823821488082649e+00
1.321004091438722439e+00
2.454483965377896482e+00
1.532410967833690130e+00
1.227141982975524570e+00
1.360094567414080080e+00
1.950279143539683346e+00
1.767904184906198495e+00
1.350881693356352331e+00
2.939706298574287224e+00
1.971500405536835254e+00
1.440571126787848044e+00
1.112109880328744582e+00
1.690146137527470893e+00
2.223900009880332096e+00
1.366868054644632346e+00
1.157871041611276297e+00
1.926836573263910779e+00
2.465999358472040104e+00
1.635885102843907868e+00
1.195009461892347469e+00
1.589932592814099932e+00
1.545561413175815302e+00
1.228576131101798419e+00
1.961630183293351370e+00
1.789598259467714003e+00
1.463848694838070674e+00
1.603567026368196258e+00
1.704925427632610901e+00
2.273434650942773416e+00
2.064923569866117692e+00
1.415660256262948558e+00
1.886798001803813074e+00
1.811448665559323601e+00
3.270547669506411292e+00
1.320361696533906892e+00
1.079298804996028815e+00
1.630695694860806011e+00
1.099719064895655407e+00
1.085438987132552047e+00
1.324439441437364140e+00
1.458702314419322965e+00
1.558762378785596203e+00
2.094923676412351110e+00
1.381907841271809989e+00
1.609205434162953363e+00
1.427060349964764274e+00
1.646619092286912167e+00
2.306664524204018463e+00
8.177499189078157871e-01
2.067634359278079703e+00
1.834456853366579487e+00
2.353718779825926699e+00
8.090263323178381594e-01
2.078546084724693266e+00
1.434768976368291593e+00
1.088112480865814247e+00
2.434555032811737796e+00
1.129188836929547746e+00
1.739652811195564253e+00
1.480627427818776543e+00
1.428362663205681615e+00
1.638714526505223645e+00
2.255557448061669579e+00
1.761954868337653801e+00
1.710987971524817075e+00
1.896643540132571415e+00
1.527308927731170662e+00
2.014090812018139331e+00
9.846419014543755788e-01
2.545520220020593527e+00
1.412254630516311060e+00
1.434253271268589591e+00
1.278910509248389227e+00
1.511041892615267779e+00
1.399418574742888888e+00
2.119819423864199859e+00
2.234386896727376115e+00
1.986300204129426650e+00
1.351089805622814666e+00
1.631557548544711800e+00
1.422952242887544072e+00
1.756067269198719139e+00
1.029595347895140067e+00
9.515340671620519108e-01
1.304475732074767969e+00
2.100624825333920587e+00
1.468600509943459365e+00
2.031542429283144102e+00
1.499583894210409385e+00
2.228276701991698250e+00
1.318651301812594268e+00
1.124673835936667254e+00
1.538845146369834049e+00
1.814923189578809604e+00
1.243894316146577639e+00
1.123602209930465667e+00
1.466436488761103885e+00
1.480186322918271458e+00
3.073081715527079094e+00
1.412467002514526504e+00
1.244521497796666987e+00
1.745142886284803962e+00
1.131346949163955840e+00
9.643132719621902993e-01
1.146713618848080873e+00
1.268295880371218542e+00
1.262071451380954556e+00
2.061251320020864419e+00
1.379956625791153524e+00
1.856141910533974482e+00
