2.332468534899610368e+00
2.749577603311779583e+00
3.002897940921453568e+00
2.359971972969632681e+00
-1
2.288777082403030239e+00
2.552488234920235577e+00
3.037360561407147497e+00
2.553906884705253066e+00
2.210486324796011814e+00
2.361577489702100685e+00
2.371807744243297211e+00
2.541848818022296452e+00
2.075099946228607273e+00
2.044023562037438513e+00
2.949111937083956914e+00
1.976651106237981237e+00
2.475108039055228026e+00
1.852412116916543505e+00
2.752264028075579905e+00
2.447237251000186742e+00
1.945504524402420721e+00
2.509326742589431447e+00
2.163535713016392137e+00
2.248672605280483072e+00
1.916487833987534639e+00
2.395613138523544183e+00
2.939796291373989234e+00
2.801196787089311524e+00
2.045259631584871229e+00
2.025412743398500304e+00
2.000002443899603133e+00
2.533564089617402981e+00
2.250875204313300681e+00
3.094163897366025040e+00
1.917203203831670200e+00
1.887727816804234182e+00
2.776341932527874867e+00
2.884640816305136024e+00
2.585142672258506469e+00
2.119819423864199859e+00
2.352750461176140284e+00
1.960915431433215561e+00
2.600651681458789000e+00
1.971500405536835254e+00
1.721721393464292538e+00
2.528952006800869956e+00
2.572386729293468122e+00
2.363458319216442671e+00
2.474831715195352722e+00
2.552488234920235577e+00
2.128548096352540941e+00
2.278393807886089029e+00
2.469046311964664842e+00
2.253730700639079654e+00
1.901636062030034102e+00
2.376842578383797200e+00
2.142914057242482073e+00
2.613784661453776526e+00
2.958694024297659375e+00
-1
2.395772831276407278e+00
1.967384595732566410e+00
2.306137667256822343e+00
2.169075886269556275e+00
2.192471836161936860e+00
2.269758789748990147e+00
1.708061131679669220e+00
2.407559983089784250e+00
2.553906884705253066e+00
1.759456515105543239e+00
2.785167975378318062e+00
1.982176771859257780e+00
2.416225333974339584e+00
2.172381183782027048e+00
1.916011465072746001e+00
2.060763781294362662e+00
2.647085548776971997e+00
2.953499076735798479e+00
2.318000840808855045e+00
2.182461744194898579e+00
2.193153850056010601e+00
1.961153570744432750e+00
2.463313283702690093e+00
2.862674427770471652e+00
2.263369792955512327e+00
2.583781872707391791e+00
2.209714252050500871e+00
2.208943494264646645e+00
2.392082274808525533e+00
2.359086194687248117e+00
1.946694023427590237e+00
2.055473078698730305e+00
2.155063534851191953e+00
2.485710961622900950e+00
2.077558954114831380e+00
2.273171068857225752e+00
2.433202965882570457e+00
2.269497398653371079e+00
2.304243916612106702e+00
1.926129265020994241e+00
1.769055486443707137e+00
2.181183979019273522e+00
2.590200667991688022e+00
2.832861751769781389e+00
1.800248374551335573e+00
2.622320210188946898e+00
2.613495697433644960e+00
2.398748279563585495e+00
1.886333705355080825e+00
2.414045996712105069e+00
1.978086769027884051e+00
2.028100420682380722e+00
1.999028566091675119e+00
1.979286276887555873e+00
2.621742574563905581e+00
1.704478835981411589e+00
1.792830693763752370e+00
1.994669414147673736e+00
2.264818665501506345e+00
2.374681417121189408e+00
1.920074538833970834e+00
2.094923676412351110e+00
2.276821702312804341e+00
2.500215879102971606e+00
2.365084161298605103e+00
2.459452947879743778e+00
2.467104692979857017e+00
1.674000837369659100e+00
2.608590263223192096e+00
2.135072334565986107e+00
2.343921410002730799e+00
-1
2.194746067313281923e+00
1.775727892192315860e+00
2.572386729293468122e+00
2.399291558450693085e+00
2.419391178403128784e+00
1.869071243190980836e+00
2.113556184526539372e+00
2.300008099216018120e+00
1.794221775893183324e+00
2.266372736003842814e+00
2.286664991072623554e+00
2.384550518463986357e+00
2.911111972631136968e+00
1.955098641658413294e+00
2.428237265487032115e+00
-1
2.031295772223090879e+00
2.310104796901690793e+00
2.329530372416727779e+00
2.639907855057235242e+00
2.396582214823209434e+00
2.279181977141513826e+00
2.441877313354184231e+00
2.842948617689059265e+00
2.091685408162760940e+00
2.210486324796011814e+00
1.908917560835096783e+00
2.663358835396287372e+00
2.080278452525274879e+00
2.245282542914410762e+00
2.198561867437954120e+00
2.173842292448387781e+00
1.511259994749447388e+00
2.359971972969632681e+00
1.796081969982406434e+00
1.877249756169554695e+00
2.324475933010544448e+00
2.089950770190257767e+00
1.771365149656165539e+00
2.815790349944333304e+00
2.122300637384678890e+00
2.039354759132312900e+00
2.283254446923220549e+00
1.948842088630603042e+00
1.901397245997936025e+00
3.588783698669022026e+00
2.680629292843300870e+00
2.491513871609532860e+00
1.756969095965390526e+00
2.377655883974287399e+00
2.593229265045625009e+00
1.770671258523377256e+00
3.116313343327529850e+00
2.876600530073579076e+00
1.973316980784339147e+00
2.885264229565719152e+00
2.920185292985895131e+00
2.258940331288166181e+00
2.112065273310450575e+00
2.305085869738018989e+00
2.384819564191518637e+00
2.261801382300003826e+00
1.895225750883219984e+00
2.177118888276926345e+00
1.645515075506656766e+00
2.366152767766383835e+00
1.887727816804234182e+00
2.691792335748025788e+00
2.206128553259579128e+00
2.034972316869101849e+00
3.250604482793145511e+00
2.707965939325231108e+00
2.159596474799755583e+00
2.209457186925852579e+00
2.269497398653371079e+00
2.478216989072802967e+00
1.708510462831697607e+00
1.986543813233939249e+00
2.078299112164498919e+00
2.608563738997486503e+00
2.411878065022343254e+00
2.459476555683628440e+00
2.228276701991698250e+00
2.444079595329295085e+00
2.333176400997456934e+00
2.031789210003609902e+00
2.277345112316589759e+00
2.037158647353336072e+00
2.187532083688088935e+00
2.737788012439283492e+00
3.092535125398224061e+00
2.586573536006806062e+00
2.383707038820448432e+00
2.113805127034546594e+00
1.968833428397860574e+00
1.948602970353702002e+00
2.256866890969545736e+00
1.845487420970731041e+00
2.766269978311147959e+00
2.263108004333747036e+00
3.263512935859134156e+00
3.049981160534821267e+00
1.976173456057557898e+00
2.094923676412351110e+00
2.752264028075579905e+00
2.422394438801020122e+00
2.406176326234457985e+00
2.112065273310450575e+00
2.296426361140301964e+00
1.929675489084313744e+00
2.251393021521333804e+00
2.172381183782027048e+00
2.350062276981774723e+00
2.143646468138304506e+00
1.971986820105686933e+00
-1
1.963301845827094771e+00
2.584571805609912953e+00
2.015558587807955604e+00
-1
2.742656265685984973e+00
2.929175434457747418e+00
2.108358399169107944e+00
