7.379062370977893526e-01
1.161554023961244964e+00
5.075057541545594519e-01
4.173806582085382022e-01
1.180839053091696345e+00
2.927019228666876138e-01
8.387225876897640431e-01
1.937254135403201571e+00
8.103309356698963350e-01
8.066381283095440669e-01
2.294309500155639281e+00
5.344937101713577166e-01
6.495235958443252855e-01
7.511349754471502438e-01
1.511914732856194155e+00
1.586614417772649999e+00
1.845028909523690697e+00
3.100801589798144464e-01
1.192453857177943055e+00
1.037291555697191781e+00
1.165458786746129016e+00
1.206391254139291158e+00
6.706734634689754948e-01
1.058121617684776972e+00
1.255683429933113437e+00
9.166361524509346603e-01
1.754717201045095099e+00
9.700932766287376774e-01
1.132211671031295275e+00
5.930216450445093823e-01
1.456782345949890756e+00
7.257370241008052059e-01
8.010114797995988578e-01
9.445495593707503579e-01
9.460734761781841584e-01
7.271356574628889957e-01
1.619529738240009120e+00
1.092861656924730918e+00
1.406123349390145938e+00
2.274474043673116785e+00
4.834165491197597864e-01
6.837344631513971871e-01
1.551688222483046831e+00
1.241807236031291728e+00
2.274474043673116785e+00
9.430278329607061361e-01
9.721016125627850446e-01
6.229257232100881003e-01
1.086877595349523107e+00
6.143258861773700508e-01
1.414594235230080876e+00
8.285218957920761351e-01
1.664780670186166489e+00
1.616436371115022474e+00
2.981834392461029104e+00
1.015222033217027864e+00
1.338295893347014376e+00
8.717709721899589148e-01
1.168760844782912312e+00
1.026406532802844662e+00
1.612919929499423199e+00
2.031789210003609902e+00
1.215758523366662791e+00
7.217819128020753761e-01
1.584192146202753504e+00
7.192287304399238579e-01
1.612043928274406790e+00
1.551248659073595659e+00
6.475350552113787739e-01
8.758508701398952656e-01
3.820827316996945888e-01
5.006748145922327309e-01
6.559486833790129090e-01
4.299940079179542241e-01
7.374361758165844938e-01
1.005824499283191065e+00
1.899966622154149576e+00
1.123388039520589743e+00
1.199715116916747926e+00
8.673504905248646812e-01
2.039354759132312900e+00
1.764235681260664101e+00
4.623923280730548591e-01
1.057324235086761099e+00
2.959040315608061356e+00
1.448313435758545653e+00
5.952645224517829625e-01
8.906609110080616620e-01
2.143646468138304506e+00
8.214763321833985499e-01
2.121588125421634885e+00
7.730378173036879241e-01
1.488530248451592763e+00
2.235161018118247522e+00
6.512933460503805838e-01
1.114438978813532488e+00
9.665325292186496275e-01
6.871312867954695314e-01
5.526545222224962250e-01
1.522877029341502597e+00
1.055492801526463076e+00
1.726374835350195092e+00
6.664197265376463619e-01
1.890995087493892779e+00
1.049821909626412308e+00
1.387013979886352111e+00
7.997166223488794135e-01
5.112633470661575030e-01
1.176863481316860360e+00
7.435597568794303225e-01
8.813819736224292045e-01
1.394638099201104930e+00
1.348596309656084458e+00
9.174843522103326432e-01
1.192028679656050860e+00
2.757856020122539054e+00
1.008738630275369808e+00
1.309523322488731933e+00
8.844664893330571598e-01
5.400440321062451865e-01
8.548666051780453579e-01
9.060887320671628942e-01
6.639625418979036020e-01
1.785469556026230364e+00
9.096634981160244271e-01
1.030021314656529130e+00
1.642653979864951985e+00
1.581779134213811888e+00
5.796262803226014393e-01
9.803771189147378884e-01
1.737834384924874076e+00
1.875603995118038991e+00
7.367313892377499451e-01
7.273689013011687132e-01
8.817927575604417312e-01
2.012140502496283290e+00
2.251393021521333804e+00
5.301614450555193203e-01
2.676868815131847157e+00
1.180629347079755531e+00
1.156035426518852161e+00
1.250820428394563644e+00
1.897827950353519366e+00
2.164174228442690584e+00
1.194796196712588410e+00
5.801205399474996804e-01
9.206709981325772452e-01
1.004785806070705556e+00
5.180835170564364045e-01
9.747183259978244863e-01
2.048126366099996876e+00
6.191260349546542363e-01
8.318386936451205305e-01
1.523508327259129880e+00
2.172636422728922323e+00
1.482861880469561244e+00
7.789655643475452695e-01
1.091827132196135697e+00
2.659609513357597432e+00
8.914894168559034382e-01
1.001883215445779962e+00
1.042025190686110880e+00
1.241598825366871717e+00
8.675787202096451045e-01
4.037453329153645742e-01
1.193304859546641783e+00
1.547524413771911744e+00
1.122959853215005799e+00
1.692195545168601711e+00
1.738288452811937557e+00
2.348457481642437283e+00
2.171616314921727575e+00
1.683590326227631495e+00
7.705056581066226373e-01
9.645349839092791644e-01
1.574594816899338889e+00
1.390095103444244806e+00
1.826150559420218977e+00
1.537123137843954268e+00
6.216581636212192841e-01
8.766685999556979025e-01
2.138080576506737440e+00
9.208837736182119427e-01
1.961153570744432750e+00
7.891916526582221092e-01
4.904719131967508194e-01
5.937689388729318063e-01
7.627290532628259179e-01
2.041806475197357695e+00
1.958540132421942248e+00
6.431252106577896033e-01
6.973697482274237025e-01
1.163812513157195694e+00
1.440571126787848044e+00
1.435569074182268867e+00
1.473604031398523029e+00
1.615115364418960864e+00
4.048333673331265814e-01
9.215223503774053748e-01
1.015851725590149801e+00
4.570988455963947983e-01
6.528435523853914901e-01
1.110842001973341153e+00
1.135461944407337942e+00
6.603955922793688371e-01
8.438557817738705502e-01
6.731417063590773298e-01
1.535405675342813359e+00
1.056587254243553486e+00
8.016594123703474351e-01
1.036647859473016853e+00
9.698926582044614664e-01
7.728266148444217221e-01
7.874815922199552842e-01
1.133943659381209779e+00
1.256319926905405948e+00
1.506045259323902874e+00
4.635083933569366654e-01
1.058121617684776972e+00
4.421232787540102516e-01
1.671792646390661385e+00
5.793792036069564944e-01
1.087906551399814070e+00
9.187578909720206521e-01
8.263157523923072567e-01
3.930940750842402132e-01
1.316731707366089577e+00
1.002918884973850400e+00
3.839709213082387884e-01
9.987826346700189317e-01
1.454230711836341117e+00
1.633284900823406049e+00
1.032153957959306423e+00
1.457421738597651562e+00
8.291845254221186234e-01
5.083612825291294879e-01
1.038795187557886246e+00
7.977768461252382481e-01
2.402101047882446050e+00
1.162169387723775094e+00
1.658672428316160907e+00
5.502226549032774860e-01
5.157915570468277755e-01
1.161349000423909983e+00
9.971329112327448341e-01
5.490079413058611690e-01
9.694915384178788287e-01
1.006656235828198742e+00
1.126176285754291184e+00
7.934769389157260155e-01
1.248294911680183139e+00
5.932707061716578911e-01
8.954332078562793340e-01
6.693288702926820655e-01
1.033008330908963046e+00
1.882693362485415634e+00
