2.684251926260267762e+00
2.774366799692349783e+00
3.210848362914920706e+00
2.267671988951355466e+00
2.833356756845301305e+00
-1.000000000000000000e+00
-1.000000000000000000e+00
-1.000000000000000000e+00
2.469324447336204376e+00
2.350598556330602662e+00
2.549727919593505199e+00
2.479874665469733674e+00
2.661892444667363300e+00
-1.000000000000000000e+00
-1.000000000000000000e+00
-1.000000000000000000e+00
1.949320659748020601e+00
2.292465643413506893e+00
1.777527554014279643e+00
2.893741172445752241e+00
2.275515899427071442e+00
-1.000000000000000000e+00
-1.000000000000000000e+00
-1.000000000000000000e+00
2.209457186925852579e+00
1.981452594985447568e+00
-1.000000000000000000e+00
-1.000000000000000000e+00
2.566924189646643928e+00
-1.000000000000000000e+00
-1.000000000000000000e+00
-1.000000000000000000e+00
2.585714382621317142e+00
2.006335050397145547e+00
2.860994746805575861e+00
1.924717532477038695e+00
1.911979777862619079e+00
-1.000000000000000000e+00
-1.000000000000000000e+00
-1.000000000000000000e+00
2.094923676412351110e+00
2.546654477228781577e+00
1.825921620625107877e+00
2.682691809558041207e+00
1.849400522893829724e+00
-1.000000000000000000e+00
-1.000000000000000000e+00
-1.000000000000000000e+00
2.343386236531794342e+00
2.421299815891899243e+00
2.260498610377983386e+00
2.176108214799969520e+00
2.388061655879079037e+00
-1.000000000000000000e+00
-1.000000000000000000e+00
-1.000000000000000000e+00
2.400380245479722952e+00
2.131829891871530158e+00
-1.000000000000000000e+00
2.674670937066305321e+00
3.074065888166659377e+00
-1.000000000000000000e+00
-1.000000000000000000e+00
-1.000000000000000000e+00
2.145661436497544816e+00
2.153492409547311137e+00
2.342317898751132166e+00
1.802061600809303998e+00
2.421573199700698620e+00
-1.000000000000000000e+00
-1.000000000000000000e+00
-1.000000000000000000e+00
2.142121907142946924e+00
2.462206582261249554e+00
2.110084666056819991e+00
1.812604410047313985e+00
1.956647818042664078e+00
-1.000000000000000000e+00
-1.000000000000000000e+00
-1.000000000000000000e+00
2.079782853143369969e+00
2.350330332163125924e+00
1.937254135403201571e+00
2.357199866863363802e+00
2.828161764451196714e+00
-1.000000000000000000e+00
-1.000000000000000000e+00
-1.000000000000000000e+00
2.050562988551146493e+00
2.321285717220943567e+00
2.320756304782088719e+00
2.019117580605897633e+00
1.992263946646510187e+00
-1.000000000000000000e+00
-1.000000000000000000e+00
-1.000000000000000000e+00
2.189823537189794056e+00
2.565420452755252878e+00
2.106350553453038899e+00
2.332200595990377767e+00
1.863764104082614725e+00
-1.000000000000000000e+00
-1.000000000000000000e+00
-1.000000000000000000e+00
2.763137310457400186e+00
1.983143960959774521e+00
2.664158410092665630e+00
2.277869146962038016e+00
2.345530970806671167e+00
-1.000000000000000000e+00
-1.000000000000000000e+00
-1.000000000000000000e+00
2.041315149624610914e+00
2.107855640645181605e+00
1.830518695510819915e+00
2.887106105846843462e+00
1.818419763111267295e+00
-1.000000000000000000e+00
-1.000000000000000000e+00
-1.000000000000000000e+00
2.435647357333274865e+00
1.863679921571928411e+00
2.305348580100264666e+00
2.228018065390636515e+00
2.439769664823343565e+00
-1.000000000000000000e+00
-1.000000000000000000e+00
-1.000000000000000000e+00
1.785012685582912706e+00
2.404541420193238466e+00
2.208943494264646645e+00
2.257129244486225428e+00
2.854870406009158312e+00
-1.000000000000000000e+00
-1.000000000000000000e+00
-1.000000000000000000e+00
2.151966410329893886e+00
2.289583807504391277e+00
1.863442750981937346e+00
1.931100798978647948e+00
2.221778984928637790e+00
-1.000000000000000000e+00
-1.000000000000000000e+00
-1.000000000000000000e+00
2.321815781064680451e+00
2.785471126593102031e+00
1.921671871117113239e+00
2.450075943977338522e+00
2.857123104515099765e+00
-1.000000000000000000e+00
-1.000000000000000000e+00
-1.000000000000000000e+00
2.426045228783591856e+00
2.318645134240467254e+00
2.336631879864451200e+00
2.312963651587021108e+00
2.788998639515316125e+00
-1.000000000000000000e+00
-1.000000000000000000e+00
-1.000000000000000000e+00
2.529515332144359085e+00
2.031049238684589753e+00
2.227501238858019761e+00
2.016539522731374490e+00
2.302728606013159318e+00
-1.000000000000000000e+00
-1.000000000000000000e+00
-1.000000000000000000e+00
1.765379537890102268e+00
2.353985544928569151e+00
2.255296023009380146e+00
2.299481513442820368e+00
2.612342018455990011e+00
-1.000000000000000000e+00
-1.000000000000000000e+00
-1.000000000000000000e+00
1.934441863230286662e+00
1.840535514815416995e+00
-1.000000000000000000e+00
2.397663841013736974e+00
1.603135409236485787e+00
-1.000000000000000000e+00
-1.000000000000000000e+00
-1.000000000000000000e+00
1.792367769747309270e+00
2.974681719791927303e+00
2.698621439203094940e+00
2.014579588496311580e+00
-1.000000000000000000e+00
-1.000000000000000000e+00
-1.000000000000000000e+00
-1.000000000000000000e+00
2.226985006628441344e+00
2.533000135720096857e+00
2.243209106633496930e+00
1.927544846789990052e+00
2.316935485522096272e+00
-1.000000000000000000e+00
-1.000000000000000000e+00
-1.000000000000000000e+00
2.993417487542185729e+00
2.197286376641052641e+00
1.995151895312669454e+00
2.878783254928391155e+00
2.872195642303034369e+00
-1.000000000000000000e+00
-1.000000000000000000e+00
-1.000000000000000000e+00
1.826608724364637615e+00
1.719628457039766634e+00
1.944080749500846084e+00
2.271330402070596666e+00
2.544389228299442252e+00
-1.000000000000000000e+00
-1.000000000000000000e+00
-1.000000000000000000e+00
2.284039140176375771e+00
2.264418501547345031e+00
2.151712563715213467e+00
2.342851733391079438e+00
2.108861691180216269e+00
-1.000000000000000000e+00
-1.000000000000000000e+00
-1.000000000000000000e+00
2.755242502183916198e+00
2.229831660220327638e+00
2.226211769317175015e+00
2.163153026746092777e+00
1.893811761072077937e+00
-1.000000000000000000e+00
-1.000000000000000000e+00
-1.000000000000000000e+00
2.226211769317175015e+00
3.269831542871277641e+00
2.827336774670188291e+00
2.072897516885399583e+00
2.084295094019971817e+00
-1.000000000000000000e+00
-1.000000000000000000e+00
-1.000000000000000000e+00
2.138835668893681596e+00
2.412689711042829366e+00
2.038865883969671167e+00
2.212034435019737177e+00
2.147669751108527425e+00
-1.000000000000000000e+00
-1.000000000000000000e+00
-1.000000000000000000e+00
-1.000000000000000000e+00
1.995634841372814217e+00
2.686682073901373702e+00
1.901686733921731376e+00
-1.000000000000000000e+00
-1.000000000000000000e+00
-1.000000000000000000e+00
-1.000000000000000000e+00
