7.208529392441332950e-01
1.134594032710001699e+00
4.775085977181893759e-01
3.705133921225672866e-01
1.155424419716118978e+00
-1.000000000000000000e+00
-1.000000000000000000e+00
-1.000000000000000000e+00
7.269024531760358565e-01
8.036052329250094051e-01
2.203699923557715046e+00
5.624149532779881833e-01
6.501870135001723838e-01
-1.000000000000000000e+00
-1.000000000000000000e+00
-1.000000000000000000e+00
1.793294002300557244e+00
3.021994808147625000e-01
1.172490958599023303e+00
1.000848619435519504e+00
1.175820364930422857e+00
-1.000000000000000000e+00
-1.000000000000000000e+00
-1.000000000000000000e+00
1.273484543618931708e+00
8.485621065414669095e-01
1.962823668069870298e+00
9.380431757933606063e-01
1.104109929362500298e+00
-1.000000000000000000e+00
-1.000000000000000000e+00
-1.000000000000000000e+00
7.707164825576550138e-01
9.936362281476250891e-01
9.737111087460922354e-01
7.461589064770668411e-01
1.659574906170260267e+00
-1.000000000000000000e+00
-1.000000000000000000e+00
-1.000000000000000000e+00
5.083612825291294879e-01
6.853186634176838821e-01
1.603998942440706843e+00
1.221024026077577984e+00
2.315342366700062549e+00
-1.000000000000000000e+00
-1.000000000000000000e+00
-1.000000000000000000e+00
1.093690119611118394e+00
5.709994731129872658e-01
1.448734418249473910e+00
7.936915855428743338e-01
1.713249401628073265e+00
-1.000000000000000000e+00
-1.000000000000000000e+00
-1.000000000000000000e+00
1.344046553667160193e+00
9.489094523439530748e-01
1.132427983819568773e+00
1.020903839261082968e+00
1.596397831470798945e+00
-1.000000000000000000e+00
-1.000000000000000000e+00
-1.000000000000000000e+00
1.596846176207125323e+00
7.208529392441332950e-01
1.622193585315426123e+00
1.548836401096716608e+00
5.560646399716437926e-01
-1.000000000000000000e+00
-1.000000000000000000e+00
-1.000000000000000000e+00
6.331025660949398670e-01
4.471039599232766726e-01
7.715601231826636486e-01
1.072996409120686057e+00
1.614455916640247457e+00
-1.000000000000000000e+00
-1.000000000000000000e+00
-1.000000000000000000e+00
2.168822611910146581e+00
1.782052070871178895e+00
4.696571313906445777e-01
1.023228120754410719e+00
3.006211266641091395e+00
-1.000000000000000000e+00
-1.000000000000000000e+00
-1.000000000000000000e+00
2.191357585056135093e+00
8.057708306029468526e-01
2.192896807252763036e+00
7.958400670871460525e-01
1.450843192146758165e+00
-1.000000000000000000e+00
-1.000000000000000000e+00
-1.000000000000000000e+00
1.005408891831799156e+00
6.138214317119515817e-01
5.813568096513858086e-01
1.479745505834949793e+00
9.668880522656617682e-01
-1.000000000000000000e+00
-1.000000000000000000e+00
-1.000000000000000000e+00
1.074212898333632538e+00
1.389889284461619079e+00
8.313959256375755835e-01
5.897871878699051384e-01
1.139287324810846158e+00
-1.000000000000000000e+00
-1.000000000000000000e+00
-1.000000000000000000e+00
1.316305789176630769e+00
9.497835969634422781e-01
1.073401729031800311e+00
2.896110323673064535e+00
1.000848619435519504e+00
-1.000000000000000000e+00
-1.000000000000000000e+00
-1.000000000000000000e+00
8.411748281334852084e-01
9.739124731539091639e-01
6.359126864591896355e-01
1.740564185687692111e+00
8.900399326177611536e-01
-1.000000000000000000e+00
-1.000000000000000000e+00
-1.000000000000000000e+00
5.660889224377156914e-01
9.376108285891849858e-01
1.739880519359693345e+00
1.836319991159926390e+00
7.252711284192459029e-01
-1.000000000000000000e+00
-1.000000000000000000e+00
-1.000000000000000000e+00
2.003671481228715745e+00
4.440589004631146364e-01
2.536170756755711242e+00
1.107680092147800055e+00
1.154813843962939846e+00
-1.000000000000000000e+00
-1.000000000000000000e+00
-1.000000000000000000e+00
1.154610414356268100e+00
6.035142078605763016e-01
9.696920788085917620e-01
1.058121617684776972e+00
6.062732279104957600e-01
-1.000000000000000000e+00
-1.000000000000000000e+00
-1.000000000000000000e+00
8.499102256043741255e-01
1.478424776884726954e+00
2.305348580100264666e+00
1.470988904116532270e+00
7.236417314894156849e-01
-1.000000000000000000e+00
-1.000000000000000000e+00
-1.000000000000000000e+00
9.581244654219027712e-01
1.015851725590149801e+00
1.331357433296055159e+00
8.227942624513338021e-01
4.081003542098592951e-01
-1.000000000000000000e+00
-1.000000000000000000e+00
-1.000000000000000000e+00
1.777752916953194040e+00
1.629405181015652460e+00
2.302650640364344525e+00
2.303977964141119550e+00
1.858251319352672626e+00
-1.000000000000000000e+00
-1.000000000000000000e+00
-1.000000000000000000e+00
1.404231246819590551e+00
1.757194776075393650e+00
1.737607485280021846e+00
6.484185344795242445e-01
9.238670207443125948e-01
-1.000000000000000000e+00
-1.000000000000000000e+00
-1.000000000000000000e+00
7.793900215958557975e-01
4.187484264596250672e-01
4.758236773487624083e-01
7.815144182003669338e-01
2.048856076229705447e+00
-1.000000000000000000e+00
-1.000000000000000000e+00
-1.000000000000000000e+00
1.189906016874403560e+00
1.481400055345094557e+00
1.429449777756370610e+00
1.363473491492218637e+00
1.853109491569277179e+00
-1.000000000000000000e+00
-1.000000000000000000e+00
-1.000000000000000000e+00
4.851076299792640434e-01
6.639625418979036020e-01
1.064926723202883840e+00
1.234751300467635371e+00
6.387278374848111007e-01
-1.000000000000000000e+00
-1.000000000000000000e+00
-1.000000000000000000e+00
1.067138960455026986e+00
7.913324793138741819e-01
1.006448236418723940e+00
9.603305308534105800e-01
7.702948678966533569e-01
-1.000000000000000000e+00
-1.000000000000000000e+00
-1.000000000000000000e+00
1.463418347777105444e+00
4.187484264596250672e-01
1.113803170878912230e+00
4.440589004631146364e-01
1.624868993606179757e+00
-1.000000000000000000e+00
-1.000000000000000000e+00
-1.000000000000000000e+00
6.239404918956902302e-01
3.537850209343185170e-01
1.334215218675035564e+00
1.048300889403497083e+00
3.695068074849293116e-01
-1.000000000000000000e+00
-1.000000000000000000e+00
-1.000000000000000000e+00
9.747183259978244863e-01
1.450843192146758165e+00
8.064212470182404724e-01
5.200912165964429734e-01
1.080727870332199858e+00
-1.000000000000000000e+00
-1.000000000000000000e+00
-1.000000000000000000e+00
1.696057453738490706e+00
6.348902445633907154e-01
4.918859092514067943e-01
1.245567889766158842e+00
1.035147569448249039e+00
-1.000000000000000000e+00
-1.000000000000000000e+00
-1.000000000000000000e+00
1.208773175055578353e+00
8.575789547691217152e-01
1.174154034835296567e+00
6.561707202935899153e-01
9.731072522717431061e-01
-1.000000000000000000e+00
-1.000000000000000000e+00
-1.000000000000000000e+00
