2.368972972005324973e+00
2.632274738570388184e+00
2.678447871825482718e+00
2.182777081954092147e+00
3.005570199882986682e+00
1.803651062873480981e+00
2.275132442250120235e+00
2.642743774030318349e+00
2.265818843892376311e+00
2.011706894472238272e+00
2.169472468256906428e+00
1.995193341932202991e+00
2.137561611856104271e+00
1.848331406822840917e+00
1.898477676161298699e+00
2.733220151292210520e+00
1.772493072746920584e+00
2.131840757193157465e+00
1.627864532676473575e+00
2.491342223967975666e+00
2.120158508660991092e+00
1.698981883210216370e+00
2.512057991093224807e+00
2.157968054593180973e+00
1.927776894745372838e+00
0.000000000000000000e+00
2.131816835082200434e+00
2.543568707650901928e+00
2.549344909552793137e+00
1.884851589725107024e+00
1.821184470997685212e+00
1.796986291885982245e+00
2.295970889035375606e+00
2.073130757704069183e+00
2.893814188605513316e+00
1.831888345941229401e+00
1.714465314747557256e+00
2.431150282536962859e+00
2.458778450140453931e+00
2.362774746671683079e+00
1.818399002521837060e+00
2.223398076834007142e+00
1.713724852156090606e+00
2.416087580357511921e+00
1.629978127259519072e+00
1.487719859510225673e+00
2.270829705744689342e+00
2.444035391800623014e+00
2.078169960761685697e+00
2.173890720792301945e+00
2.166526563313765141e+00
2.028376157621484044e+00
2.109042808855291273e+00
2.248155440818265571e+00
2.059278833073420412e+00
1.614760791564368025e+00
2.370034433728936296e+00
1.969644463923670541e+00
2.579990733454115226e+00
2.784297619607805085e+00
2.844211652849048644e+00
2.444251445107967324e+00
1.849045274823528429e+00
2.040284589384346869e+00
2.035698566035298640e+00
1.947088651130520986e+00
1.992382714960445167e+00
1.528002838239561845e+00
2.187208905648926116e+00
2.427262803389174550e+00
1.463877984830669332e+00
2.351673393935662215e+00
1.828366506842702854e+00
2.350653804527605750e+00
1.944763205152714614e+00
1.581665711887578096e+00
1.882419525521894510e+00
2.489815803468373279e+00
2.797920125995410956e+00
1.999772782887344391e+00
2.256741627010459439e+00
1.977340805143325442e+00
1.729157145707685084e+00
2.263448591242325225e+00
2.788243447817154497e+00
2.003939052582222047e+00
2.382445487423103359e+00
2.084232445868453798e+00
1.959804763483631751e+00
2.131635582904231274e+00
1.986801126592999234e+00
1.725252792151605652e+00
1.669171370203791582e+00
2.000914850911164944e+00
2.355365553880565344e+00
1.906568069376712860e+00
2.110813819034409011e+00
2.287356449671396508e+00
1.937836417888772811e+00
1.978488509011993024e+00
1.801863688938586838e+00
1.603388603934220447e+00
2.132656589446805029e+00
2.336392766229696605e+00
2.575160991069763039e+00
1.786315501565809205e+00
2.572045082784720993e+00
2.396336555049395134e+00
2.063187152076834785e+00
1.647288541770725034e+00
2.151884255411933733e+00
1.690940497633495854e+00
1.849653968135637205e+00
1.819870109998793062e+00
1.763709047026535970e+00
2.574517992176357684e+00
1.585389217116851324e+00
1.636849295020352590e+00
1.698635347505421445e+00
2.087127528773602858e+00
2.168490936478452369e+00
1.621331129756964362e+00
1.993016457687098786e+00
2.002646883186629090e+00
2.251983561975471115e+00
2.108362491461635013e+00
2.317783396705121124e+00
2.287360046713865724e+00
1.567821148212248827e+00
2.372226389630810672e+00
1.986917791666486854e+00
2.037482857146631243e+00
2.815982269209832634e+00
2.262996861326723508e+00
1.627937430076500158e+00
2.256503071172384800e+00
2.144564683300192343e+00
2.136105833262111453e+00
1.777737384725464276e+00
1.971965784684423184e+00
2.102075450658095424e+00
1.619570259947555879e+00
2.084562859670476165e+00
2.258135610151840389e+00
2.075402022939472513e+00
2.609873640103897774e+00
1.649407982764121927e+00
2.342252238527005481e+00
2.749879643078839031e+00
1.825774529650577627e+00
2.306874414001067741e+00
2.060456128219227967e+00
2.180562410199359036e+00
2.079005935995969612e+00
2.252068344146393120e+00
2.240800212994499940e+00
2.511525270328262671e+00
1.926489164315006608e+00
1.996623920468781899e+00
1.676868443534837105e+00
2.082191662187849346e+00
1.905269277117735527e+00
2.072200075014243303e+00
2.031253634128264096e+00
2.057123473335729980e+00
1.469231418809782141e+00
2.293235209380479311e+00
1.778270242597512985e+00
1.509694355034961966e+00
2.122569635803634114e+00
1.966517559501734791e+00
1.950717045559121843e+00
2.584901463082486472e+00
1.860216147794885533e+00
2.013288561727588633e+00
1.852851016749705204e+00
1.795312947135522474e+00
1.780676886733947084e+00
3.426843112359418519e+00
2.165127155112171131e+00
2.301634647803039613e+00
1.593761813566223040e+00
2.006935433743861186e+00
2.422826100899987178e+00
1.675747957321842341e+00
2.610520205001648719e+00
2.620702798135128297e+00
1.876031711042572825e+00
2.941502834336672034e+00
2.665442869746101451e+00
2.126561012689487828e+00
1.896092184058259189e+00
2.125044643157704805e+00
2.176541158884007565e+00
1.970313390087667482e+00
1.737265624105412298e+00
2.058838950299971771e+00
1.510868028067531954e+00
2.324590585819716893e+00
1.538330724487581458e+00
2.476464217094934916e+00
1.997284830689564750e+00
1.780107635051999537e+00
2.368834006759709343e+00
2.469670685679234090e+00
2.049484033282690465e+00
1.923057495826336227e+00
2.159848642825360709e+00
2.144552835149814207e+00
1.550911523172872730e+00
1.669980560431166827e+00
1.956515410741687777e+00
2.289928720835588738e+00
2.060620064136394980e+00
2.115178123776833896e+00
2.228800896797626940e+00
2.064866982164592635e+00
2.095478960343378105e+00
1.899472412950841571e+00
2.154498489772829650e+00
1.735637059988931252e+00
1.994618029789459346e+00
2.415731435037316466e+00
2.864492479883309795e+00
2.662532795902541327e+00
2.001590842665641024e+00
2.020540958924117003e+00
1.772068065657730784e+00
1.652557834413933557e+00
2.062255183966408278e+00
1.515202676306685925e+00
2.819257063458936674e+00
1.896494108655977007e+00
2.836356868063940162e+00
2.716875922762997053e+00
1.841523307906870244e+00
2.004822416844772803e+00
2.433913181977788831e+00
2.009305183323399913e+00
2.015242282965592491e+00
1.889282642804355650e+00
2.162477442536173022e+00
1.817170936235071643e+00
2.029181627420214351e+00
1.955464738078705800e+00
2.044343789127822664e+00
1.996989847729407241e+00
1.818426183762940074e+00
3.859361534323986653e+00
1.757721872647957762e+00
2.468455368120745508e+00
1.832168909086981268e+00
4.257369216489284014e+00
2.497391274411842055e+00
2.800274699711572168e+00
2.036362197727249690e+00
