1.543444972427740591e+00
1.261759166530470155e+00
9.302038586464101977e-01
1.046188380339132973e+00
1.141576080979142205e+00
1.214350604004486023e+00
1.513258365690109519e+00
8.606609873007428080e-01
1.638327798285261760e+00
1.634167544169119246e+00
1.536021158856811120e+00
1.547256107913919987e+00
1.810885992169427805e+00
1.430280743500592200e+00
2.036411629134955881e+00
1.854256466330463926e+00
1.250973608738633613e+00
1.341858280308259488e+00
2.050041992355466913e+00
1.457996826249030820e+00
1.249469548610756320e+00
1.518347943927619070e+00
1.876528227627228373e+00
1.432677361338139832e+00
1.230936661726275583e+00
8.257899323408601777e-01
1.067266451401028382e+00
2.172103123730324103e+00
1.582800310251207376e+00
1.566980113517810524e+00
1.740079776232209552e+00
9.753400636927427314e-01
8.830745052168651466e-01
1.877375080493364656e+00
1.143909247752923353e+00
1.654867543712872369e+00
1.972272942776888582e+00
2.038529982274998709e+00
1.202699478926597010e+00
1.570098064529157122e+00
1.508014729451135683e+00
1.293560279565207916e+00
1.695395696353776849e+00
1.324400830621435432e+00
1.350085140604014855e+00
2.025474804757756875e+00
1.101953784415272697e+00
8.055892829154082113e-01
2.055060228450034998e+00
1.168340094143389907e+00
9.838599251686710456e-01
8.801195596093251972e-01
1.358779554180425952e+00
9.137246738534502422e-01
8.994817566941618603e-01
2.092451362453860764e+00
1.335924743528849268e+00
9.713457572059818190e-01
2.256755396460466301e+00
1.837262653903320109e+00
8.053504285061772183e-01
1.804479957233144471e+00
1.706121070415667296e+00
1.040416831426408395e+00
1.044956169566260140e+00
1.328998262434296196e+00
1.068338784910197514e+00
1.444145534984386359e+00
7.217771023474578440e-01
2.058183036072688044e+00
1.117888431260528170e+00
1.041489422958480793e+00
1.601671551917382752e+00
8.505856479517885926e-01
1.559145988538532590e+00
1.134493737518580847e+00
1.118021821327843002e+00
1.062298890075033642e+00
1.369563168552001109e+00
1.956309278998975776e+00
1.118894263717811421e+00
2.307398910080592280e+00
1.160773540321901942e+00
1.555368868191522314e+00
1.064669762724749447e+00
1.046688565555053296e+00
9.288052420820986921e-01
1.151124160575525357e+00
1.650170203667830293e+00
1.237765271838801473e+00
1.707930494479762196e+00
1.350100639965872817e+00
1.577562240109429137e+00
9.748007761018668837e-01
9.384079028589389360e-01
2.247407852563751973e+00
1.315126740990453680e+00
1.259532144574315948e+00
1.285508897495606595e+00
2.426670328443210511e+00
1.602907206763306114e+00
2.097175486742563599e+00
2.485205663341041316e+00
1.979621161387500994e+00
2.314047475564045886e+00
1.205257468210756189e+00
1.761043516464920300e+00
1.302566418892751487e+00
2.085230972312294817e+00
8.429755509657782531e-01
9.528814213964618141e-01
7.465309381429240387e-01
1.025599940278834055e+00
1.242846709074186151e+00
1.339038755052389007e+00
1.427355275922883804e+00
1.002587391781494253e+00
1.031332577305770437e+00
1.098206938084079765e+00
1.475905772504358060e+00
1.169151366304547190e+00
1.942894550539392196e+00
1.102464869265703973e+00
1.330054551300689836e+00
2.013535059124561322e+00
1.054336327070360069e+00
1.193471083319258330e+00
1.442673443716072645e+00
2.096599589945144171e+00
1.928219348662324917e+00
1.545439674453234602e+00
1.457843653826904617e+00
1.798186244406279499e+00
1.346047209041533632e+00
2.072282662103821949e+00
1.174364141410902507e+00
1.482609643994466708e+00
7.815171786806367482e-01
1.462118824117908167e+00
1.230389246617723975e+00
1.716649764106725984e+00
2.581087291960470598e+00
1.331456111807386877e+00
1.841002535960265307e+00
1.544713241534256820e+00
1.079983811420528683e+00
1.147037881375978730e+00
2.110886047317166003e+00
1.207254737504453557e+00
9.865794457167318399e-01
1.119385282825684058e+00
1.592205934015080260e+00
1.444863045948486358e+00
1.174230519722472943e+00
2.898058827647795876e+00
1.792935881107248886e+00
1.145061290391868880e+00
9.830322439599051831e-01
1.472246443053182086e+00
1.798286293697689109e+00
1.120198397333221463e+00
1.122061441823893224e+00
1.936532338794907604e+00
2.133857176344174267e+00
1.100215103468572542e+00
9.901170966235094406e-01
1.431015642383346664e+00
1.698424240719985878e+00
1.176296466121376616e+00
1.699917011462925842e+00
1.591970139337869572e+00
1.038101519313344268e+00
1.363069624716545913e+00
1.466864793040136172e+00
2.126618184606729578e+00
1.845623847678428131e+00
9.836306375760762721e-01
1.730531358405179132e+00
1.334034056819710212e+00
3.067604121227451408e+00
1.102579889702051341e+00
9.015461290227233526e-01
1.317634469682434917e+00
1.146627660081411149e+00
8.279509017252546510e-01
1.154641617929328623e+00
1.506328841195996304e+00
1.290408011150392165e+00
1.919417552508787539e+00
1.181661223742283218e+00
1.332444871088781735e+00
1.396105737745516162e+00
1.364910533176527219e+00
2.190874488278906185e+00
7.139629140150431930e-01
1.956098274292153993e+00
1.745086087335588898e+00
2.083220052170045911e+00
7.466020720331104643e-01
1.985061046906275495e+00
1.050996209510203006e+00
9.457607396885244766e-01
2.205400882911559446e+00
1.025616306669024258e+00
1.698448449729921039e+00
1.151650576688647121e+00
1.140299608295973988e+00
1.264935988143356171e+00
2.176502959929454306e+00
1.502133546379855078e+00
1.410144774177673810e+00
1.655943542401193680e+00
1.120024343212285833e+00
1.695438949706936649e+00
8.636540079065765374e-01
2.511017209563137342e+00
1.164891921215160719e+00
1.163180483226205819e+00
8.918799718354664119e-01
1.364972155641550833e+00
1.200661365726434449e+00
1.800136514839892898e+00
1.957179609025179179e+00
1.715359164992851904e+00
1.185076890190405852e+00
1.257041957331939797e+00
1.135181323867431535e+00
1.493472988608336438e+00
8.540406585256219429e-01
8.171047437737520847e-01
9.950238133191908751e-01
1.889090715142967891e+00
1.045506176561095790e+00
1.774524442562938731e+00
1.298956217620367726e+00
2.029741404087135770e+00
1.065121240573220662e+00
9.634381378823775322e-01
1.481078969973376847e+00
1.654050474080513089e+00
1.133942059404884573e+00
6.895554582176975922e-01
1.171677754614178113e+00
1.040970736495496762e+00
2.724917795974808321e+00
1.160851465434539431e+00
9.209530793943552229e-01
1.462937265794574948e+00
8.962088171882527377e-01
7.716683069972885001e-01
1.099585505906556238e+00
1.025319372499586601e+00
1.033513611289369916e+00
1.792765625059977275e+00
1.349765166581629483e+00
1.455687722287623442e+00
