3.583683162585064585e-01
6.464125312216831842e-01
3.670978907274130010e-01
3.305416654765739315e-01
8.821242642094002662e-01
1.453477798770218543e-01
5.722565032000518359e-01
1.698289082937414207e+00
5.943188575421076703e-01
6.577216408778738810e-01
2.061412138275986905e+00
2.892365592159755749e-01
4.545978406654775927e-01
5.363949418803284352e-01
1.077568699957226706e+00
1.536083412792980996e+00
1.681713162139105711e+00
1.745789475468954854e-01
9.240853674150585340e-01
7.648194019731529014e-01
1.140478709276120162e+00
1.236147984076545692e+00
4.540169520847814888e-01
8.827172783263853573e-01
1.018018374550040628e+00
4.768830739029645271e-01
1.645502696531009112e+00
1.052981123074206105e+00
8.400390296043692695e-01
5.064307890746044816e-01
1.162223198063924601e+00
6.478234677795869922e-01
7.177587070486550758e-01
7.261799245900731892e-01
6.925293470391882256e-01
5.357756070600580012e-01
1.147495491088507569e+00
7.956840774880294953e-01
1.258089126420210535e+00
2.194612135164757838e+00
3.580997233241611233e-01
4.468417806209245002e-01
1.321957963161385807e+00
1.020934065437840266e+00
2.120648270131494595e+00
5.657951239460190518e-01
4.930454914158016733e-01
2.489399322627320610e-01
8.729794234664726149e-01
4.368733615253661551e-01
1.243837563871191376e+00
5.422423276442200901e-01
1.469713694623359324e+00
1.393667663131652246e+00
2.721475920723753550e+00
8.188328321900159024e-01
1.089232124693169323e+00
6.787257900708258962e-01
9.082661198853231310e-01
1.006667770445391463e+00
1.197507377857985666e+00
1.752808041580892207e+00
1.016380751498109136e+00
3.747453440623074727e-01
1.379681639605773613e+00
4.254936293353330790e-01
1.499169182895619734e+00
1.454601200116762971e+00
6.782831778117605070e-01
6.509034748902091660e-01
2.517007199870648360e-01
3.832841708178016948e-01
4.550924479872110462e-01
3.893290664849845539e-01
4.228413638438163202e-01
6.576248227174618100e-01
1.617721456672913449e+00
9.133600238366094137e-01
1.066678969740123106e+00
6.635293062867341218e-01
1.940953942931133103e+00
1.545302194971896359e+00
1.788749881196075309e-01
9.687284042062879186e-01
2.594613204528055217e+00
1.109111180347529535e+00
3.383891222354591943e-01
5.443261033326390885e-01
1.770728486614099539e+00
7.772668835732219339e-01
1.898599725508983704e+00
4.514226788295803705e-01
1.058696902308929655e+00
2.069219541038511245e+00
5.422706959425045437e-01
8.320702293640163116e-01
6.651315790789243954e-01
4.035861741636025957e-01
4.293471210274911187e-01
1.219813247259618594e+00
9.000621236032696482e-01
1.422307073779214948e+00
5.460679524708957899e-01
1.971760615237701852e+00
8.285787944804315908e-01
1.348405519875923053e+00
5.098638539645912182e-01
3.411866691074601499e-01
9.626402695985667446e-01
3.819988610819672892e-01
6.665958599454301359e-01
1.126892014093614947e+00
1.252934657753638881e+00
6.703113609384444560e-01
9.785383126570790235e-01
2.565993767783824264e+00
8.477570011842378017e-01
1.142671878737387070e+00
5.803602142078159165e-01
4.065375311623218302e-01
6.906826523933758954e-01
8.883358390700745177e-01
3.213821173286642296e-01
1.358546007286317359e+00
8.763232339468606247e-01
8.471755046619668938e-01
1.568926138059837383e+00
1.475223423264916622e+00
4.671936892516222462e-01
8.161313025419312250e-01
1.415380642773216291e+00
1.492416204056756568e+00
5.061954452873824728e-01
4.117115157495514488e-01
5.991160223141513974e-01
1.877843173001058519e+00
1.987681482844831038e+00
1.722766730517065747e-01
2.449141318497662478e+00
9.465030237243300393e-01
8.988427121289392918e-01
9.026930684094129909e-01
1.857358689256961348e+00
2.003505836029957354e+00
7.542333642334165811e-01
3.873330734359676786e-01
5.997388635925543499e-01
6.124225903711264518e-01
4.385266955942001554e-01
7.705397764405913508e-01
1.673434150790709563e+00
2.859871389103627592e-01
5.896940841559139557e-01
1.160629821363611702e+00
1.921768573742130615e+00
9.796518289228521859e-01
4.921478524186199688e-01
9.020883599178288748e-01
2.369736753546979990e+00
9.507659463494386731e-01
8.455435511566712359e-01
8.119666272130386941e-01
1.013576888531116271e+00
5.542912718106565162e-01
2.461890410578187194e-01
1.155869204486166035e+00
1.069661766531077252e+00
7.402261304848541945e-01
1.565489584871661677e+00
1.344063813678967767e+00
2.152545883667624338e+00
1.923173159968994739e+00
1.563471804458924419e+00
6.999751277400543259e-01
7.317967401606875200e-01
1.208806361547886565e+00
9.772204255741389067e-01
1.382804692310473316e+00
1.317414955810535027e+00
4.104515083597839453e-01
3.806765273263769123e-01
1.961543233458957536e+00
8.599130599311508583e-01
1.703550118185774842e+00
5.983072698671005885e-01
2.047403977552300358e-01
4.219304876265251858e-01
5.104830945940745934e-01
1.629023665062222070e+00
1.874535899632827407e+00
3.869034086994672661e-01
3.711011063121652520e-01
8.904278514838372960e-01
1.074867733657301816e+00
1.307860115890771224e+00
9.164895781739780256e-01
1.691806716976619773e+00
2.127578342072799500e-01
6.934295370453951168e-01
7.300826311725985285e-01
2.663055330464272341e-01
8.359896511509425920e-01
9.781687127697428208e-01
9.988981585052087997e-01
5.198715334952582756e-01
6.736460434331822400e-01
4.559578515283714828e-01
1.110600103687559015e+00
1.221040603841643035e+00
6.115624692165202436e-01
6.190291517658602638e-01
6.851510156932536511e-01
4.900627380717760828e-01
7.084689806729355110e-01
1.123471408821908879e+00
9.054053462783042683e-01
1.574182212234293443e+00
4.673860666027319088e-01
8.774322576004184304e-01
2.768071715507198216e-01
1.308225932718936724e+00
4.382877153206746756e-01
8.353790840433935605e-01
7.055114470034338225e-01
5.399577819172995952e-01
3.030300046783667156e-01
1.255801737818816433e+00
8.824134225752349181e-01
1.947152315719616611e-01
9.053849761827086340e-01
1.141375039225742016e+00
1.523912017563420873e+00
9.092811333813888286e-01
1.312030772362350328e+00
5.330406848883021409e-01
3.489503355469888990e-01
8.048929851430018934e-01
6.182859618168516924e-01
2.155395613090019147e+00
9.355694166726676864e-01
1.234989242832124967e+00
2.420736814832110673e-01
2.710641037446171464e-01
8.170331900893295085e-01
8.187511183521842817e-01
2.792302207029884187e-01
7.036193203351834846e-01
8.127930186834022575e-01
1.059687247614681027e+00
6.575300477284093947e-01
9.530504581529205543e-01
4.046412644704333594e-01
8.321458194520948703e-01
5.842587748749323850e-01
8.116077578979683516e-01
1.680066098570253130e+00
