2.973463948342816465e+00
2.128235449428998116e+00
3.066872893786749543e+00
1.907307518181910133e+00
1.846909087732246713e+00
1.815053192594035414e+00
2.330225365227441614e+00
1.265688784823195023e+00
7.426317281605339105e-01
8.975501392610942819e-01
1.947135783462848657e+00
1.850854773617045756e+00
1.081224745617038296e+00
2.589999889707583325e+00
0.000000000000000000e+00
2.063671335110802030e+00
1.689819148544273508e+00
1.307602618665091088e+00
9.237530980790907842e-01
2.359922271436745156e+00
1.881423142519141223e+00
1.741013396339045727e+00
1.757283644092643371e+00
2.171960226715015541e+00
1.308919043530175630e+00
1.600308382296593779e+00
2.088502090307451819e+00
7.026978814410930418e+00
2.506322302267312008e+00
1.953181434313347786e+00
1.975138233087530004e+00
1.588512552785577236e+00
2.228160174502886726e+00
1.827849120491939594e+00
2.397950761599545899e+00
1.526316504005011288e+00
2.409675806197074888e+00
2.202281888722963377e+00
1.832512742138146633e+00
1.841497770161639291e+00
2.442047139312826243e+00
1.861236276303196879e+00
1.462354121265108109e+00
2.214914058907907712e+00
1.715510752342952694e+00
1.573337159443946698e+00
1.106070371894106286e+00
2.638425662386304271e+00
0.000000000000000000e+00
2.041262805260680491e+00
2.015855027149576983e+00
1.914318270370859887e+00
1.853470943416501315e+00
2.019737227592544038e+00
1.688229130846597981e+00
3.680411147081992684e+00
2.816226934488156530e+00
inf
2.148809913601693378e+00
2.290168586625002334e+00
2.167247391293069203e+00
0.000000000000000000e+00
1.515130324374305726e+00
2.395684833085259147e+00
5.069074023488195024e+00
1.938472513837779632e+00
2.535753644032296084e+00
1.189158496630134731e+00
2.185225049314451162e+00
0.000000000000000000e+00
1.833688089551467781e+00
2.243819583207400381e+00
1.934892541913964203e+00
4.169604751489007555e+00
1.620021836291394735e+00
0.000000000000000000e+00
1.904109531250520293e+00
1.115845300814575669e+00
2.414438563426714257e+00
0.000000000000000000e+00
1.809063300992610701e+00
0.000000000000000000e+00
1.642841889114918796e+00
1.940305270539443017e+00
2.116696293705871312e+00
2.289633215752121753e+00
2.021427906183740575e+00
1.212134665912531162e+00
1.832427088363216994e+00
1.906268320380547721e+00
1.960636421840626253e+00
1.531730009794044500e+00
1.214896316836479473e+00
1.651911952133132022e+00
1.693193726741606397e+00
2.025768450811921806e+00
2.072198471870307035e+00
3.758854357545115210e+00
2.360806228297290588e+00
1.787870849540726281e+00
2.932301113144224924e+00
1.457441921362782056e+00
3.638800940536471185e+00
1.333643033281273871e+00
2.368151538910994169e+00
1.772754096335025453e+00
2.352841109459308022e+00
2.090311081657691972e+00
1.854501818021162540e+00
1.729144908330376706e+00
2.050026009427868612e+00
2.196558500345254128e+00
1.916200984570082255e+00
1.865024432226928930e+00
1.646912544886339980e+00
2.027114934124627510e+00
2.300818709035393095e+00
7.140762432723892772e+00
1.690250447116647292e+00
1.799896659729305126e+00
1.923804458008488760e+00
2.897293284461268659e+00
1.980343996613573854e+00
1.875687812618819006e+00
2.263828251587413742e+00
1.746186659289326260e+00
6.001214099632268088e-03
1.937058354655052828e+00
1.525139701652687974e+00
1.818885895717896828e+00
1.846759767714863942e+00
1.958121029809274605e+00
1.875436769030898176e+00
1.319364878744468728e+00
1.743129297128698907e+00
1.820354129665667564e+00
1.885016176801031840e+00
1.167150703907129605e+00
1.518653748378957058e+00
1.491390438800120455e+00
2.098032808075761757e+00
0.000000000000000000e+00
1.435626236344926809e+00
4.298387027284831241e+00
0.000000000000000000e+00
2.061698084272328035e+00
1.035561388018216622e+00
1.133425647530951430e+00
2.221799035663702959e+00
1.993159329609664798e+00
1.235871241785656993e+00
1.120720522275175490e+00
3.259184834785880280e+00
3.251110729817598410e-01
2.149256680877626557e+00
1.860746508387570497e+00
1.774975048361653096e+00
3.287743359419995848e+00
3.089278954970362534e+00
1.518359776118112237e+00
1.950629552138988476e+00
0.000000000000000000e+00
1.784010623212213043e+00
1.741262311998570178e+00
2.020833006506131735e+00
1.286175142860889187e+00
1.997781262325981411e+00
1.268826359419747085e+00
1.884781337168108806e+00
1.937827652897720521e+00
0.000000000000000000e+00
1.761219677707016595e+00
1.984741988060173767e+00
1.845000606199717508e+00
8.695389125833655197e-02
2.832518706623345484e+00
2.214985348065912074e+00
3.026221701048006807e+00
1.031513206517442161e+00
3.037051394172004315e+00
2.213573831758961941e+00
1.760945703108628191e+00
2.459850573910158378e+00
1.839757970515072616e+00
1.598902607429103284e+00
2.160618862222568826e+00
4.271262581684101889e+00
1.490300277743355606e+00
1.685748989531738351e+00
2.132330917168441253e+00
1.650567562736623861e+00
1.999437768887226241e+00
inf
0.000000000000000000e+00
2.174595410881440039e+00
1.802040746946469207e+00
1.973048044532595968e+00
2.237689174649836854e+00
1.923407185435068723e+00
2.255424122015970312e+00
2.316396413389867792e+00
2.252748786283902849e+00
1.786041905177925715e+00
4.045344576781368495e+00
0.000000000000000000e+00
2.057578308059136329e+00
1.641735088419377098e+00
2.009969212300120045e+00
8.159764854052171668e-01
1.659600600146102556e+00
1.552619047092124172e+00
2.568674585125135135e+00
2.697678299246597522e+00
2.446132099036176122e+00
2.067579962120405401e+00
2.171083430838756989e+00
2.277871394396886462e+00
2.318667723448871953e+00
2.090579177546101786e+00
3.001653227722113737e+00
1.602381021039230191e+00
1.774624333556303668e+00
0.000000000000000000e+00
2.263081769248792341e+00
3.063543626317973612e+00
1.018801883061827951e+00
inf
1.807998334433406296e+00
1.587492529052547008e+00
2.147281383482094963e+00
1.440451853355653844e+00
4.224824405868754518e+00
1.986656917361786734e+00
2.131543515669080069e+00
2.496946543488264503e+00
1.715107312555254282e+00
1.750847139423680865e+00
1.823342287847004251e+00
1.502176082402937540e+00
1.952331350723843340e+00
2.199685652758157861e+00
3.204990791098967229e+00
1.975114709414333314e+00
0.000000000000000000e+00
1.753209559439007581e+00
2.460777088428893311e+00
1.911533329674824699e+00
1.667959453980575102e+00
2.192144840225937141e+00
1.493431214549618136e-01
1.507995265740482038e+00
1.909507385879987806e+00
1.832328306757448066e+00
1.978301767864099725e+00
3.094158015278121177e+00
1.315202213783314811e+00
