0.000000000000000000e+00
9.701708733744845992e-01
6.775887974618621801e-01
1.123550462973745834e+00
9.463130043573073635e-01
0.000000000000000000e+00
1.233512481503244773e+00
8.595948402360338303e-01
6.116953893975633605e+00
1.172628616187919359e+00
1.152644761145360963e+00
2.468338609903037550e+00
0.000000000000000000e+00
0.000000000000000000e+00
3.419315190789431913e+00
1.535181204539287192e+00
0.000000000000000000e+00
1.083440429608921285e+00
0.000000000000000000e+00
1.112192607912003472e+00
7.862991591842729555e-01
1.635056915513242171e-01
2.181154008127348831e+00
1.416124254950486792e-02
1.147020211238483300e+00
2.135695447470747688e+00
1.283787776420849625e+00
0.000000000000000000e+00
0.000000000000000000e+00
1.162262907931021383e+00
1.609224883348578494e+00
1.071863558815432160e+00
6.993214448269072792e-01
1.521112295029517503e+00
4.133999195523215819e-01
4.120341726121806936e+00
1.382687666903188450e+00
2.479839100305629263e+00
7.183065920424061002e-01
1.323491107172744652e+00
1.430107434027406921e+00
1.291048728423760839e+00
9.582826176374754645e-01
1.042008021569067244e+00
1.655291195771219304e+00
1.873497031470522822e+00
1.474014217122179143e-02
8.084840845660205000e-01
inf
1.292356352288510424e+00
9.752266400597957574e-01
7.178616675963054305e-01
2.437070861058280025e-01
9.469003030014209177e-01
6.762843589340478134e-01
2.400134502146706802e-02
2.904356063977235891e+00
7.869599175879866682e-01
2.197714143838823908e+00
1.297341355147074937e+00
7.202582049434662625e-01
inf
2.708849769477392755e+00
9.136843032489851968e-01
7.979368381395796073e-01
2.350013484706648281e+00
1.121045145116779773e+00
8.558761164817892952e-01
7.834398162189545323e-01
1.178585161003172788e+00
8.194306334273030457e-01
9.515190346365398621e-01
1.220751120438654080e+00
1.295986939468915411e+00
0.000000000000000000e+00
0.000000000000000000e+00
3.611661371257754438e-01
8.095801579765570244e-01
1.221953461203576063e+00
1.033922811375592277e+00
0.000000000000000000e+00
0.000000000000000000e+00
9.855619457990418830e-01
0.000000000000000000e+00
6.120241016526291045e-01
6.641651840676240370e-01
8.934757363593703872e-01
8.785085668063530306e-01
1.770434303672201448e+00
1.128271613444536303e+00
9.126854261186578832e-01
7.890964021667393746e-01
5.921427718280689589e-01
9.141424436786450558e-01
1.077951759966944145e+00
1.330160732147688041e+00
4.035214012468071876e-01
0.000000000000000000e+00
8.708116547451700828e-01
0.000000000000000000e+00
1.403688850958321632e+00
1.447634196319670385e+00
9.227331218921895895e-01
0.000000000000000000e+00
2.221974510722021456e+00
1.253553855220415292e+00
1.417609519217446934e+00
4.830940083160263632e-02
5.369947113168759278e-01
7.906630161475290963e-01
8.163813588255096620e-01
8.328493664758132020e-01
1.324019177090348665e+00
1.197649871461808457e+00
1.092185441068416640e+00
2.192058375609280407e+00
5.248053945935592379e-01
7.228394894082648126e-01
1.296388986944161603e+00
9.835173048799399353e-01
1.752445266799414592e+00
3.246516432074893821e+00
1.048359666129937917e+00
1.069462385756216216e+00
1.419126011574338042e+00
1.738778066699545377e+00
5.207509328518344915e-01
1.173340873723826450e+00
3.100032421593909238e+00
0.000000000000000000e+00
5.603874217413664205e+00
4.441663209640839827e-01
0.000000000000000000e+00
1.299630981756533243e+00
2.431946282716000773e+00
2.528178428674610512e+00
inf
2.458595320869572998e+00
1.443995345181867451e+00
8.918654349388455138e-01
1.538667208142333820e+00
3.708787464474471829e+00
1.542662542099582534e+00
1.355923446782555386e+00
5.198979792666752475e-01
0.000000000000000000e+00
0.000000000000000000e+00
0.000000000000000000e+00
8.617032801679483933e-01
1.121492197004895663e+00
1.477904919537643913e+00
2.614530625139747100e-01
1.121597365339090269e+00
5.431434411796377537e-01
0.000000000000000000e+00
1.451363949766632189e+00
4.943871971124517706e-01
9.338556293726811841e-01
1.602852013521424368e+00
inf
1.017981525984645419e+00
4.166588425393040751e+00
1.658251518247750855e+00
1.067830197574326290e+00
1.524290276294030466e+00
1.230991050956337984e+00
2.399026080564625296e+00
7.075700943767420092e-01
6.710942022852087741e-01
1.249554511573361948e+00
5.532272243374366738e+00
0.000000000000000000e+00
1.597177742080857943e+00
1.847257976226035492e+00
2.898109304430188105e-01
2.129203431770680763e-04
0.000000000000000000e+00
1.496033366022001321e+00
1.014420193044930363e+00
9.563240293701676942e-01
6.316157636637443895e-01
7.162229920603474520e-01
1.745970223629058349e-01
6.140960201560929921e-01
8.171203765097354577e-01
0.000000000000000000e+00
1.735644079191706712e+00
2.322792523029102441e+00
1.589481514098410431e+00
1.105657041189469503e+00
8.580043222774194067e-01
1.116239014609111235e+00
0.000000000000000000e+00
1.535714848948534383e+00
4.447940121435374206e-01
1.307491679530279560e+00
5.241577691462291355e-01
1.540160376555496091e+00
5.986642417324546939e-01
2.571559792194803240e+00
7.276225726846919928e-01
7.232612223119769812e-01
7.914895534105484964e-01
1.244954314367672898e+00
1.203748758119168150e+00
5.348604097200643004e+00
0.000000000000000000e+00
8.599957433468768953e-02
0.000000000000000000e+00
2.853331834280782520e+00
0.000000000000000000e+00
1.028074071691056579e+00
0.000000000000000000e+00
1.019301140376841053e+00
5.379516500816228231e-01
9.733484838480678247e-01
1.004358744185653185e+00
8.723149405124752676e-01
8.364159556122057193e-01
4.525142151981553340e+00
1.413025616390072736e+00
1.048536626624042567e+00
9.739521116600314832e-01
0.000000000000000000e+00
1.247871986968281721e+00
3.625989626633137952e+00
8.583964578538035850e-01
4.525286964993756600e-01
1.116105758971086326e+00
7.927267559515981388e-01
1.211069771230455006e+00
0.000000000000000000e+00
1.120376707373297087e+00
1.242231688311325355e+00
1.172222275834073679e+00
2.032901946160059037e+00
1.087284222613885465e+00
1.287981148910133156e+00
1.158338517527895961e+00
2.282459931173372869e+00
1.087141331026181490e+00
5.307788468602622212e-01
1.385412714495250386e+00
2.821573635439277306e-01
5.487155788502822151e-01
0.000000000000000000e+00
2.738141648016918950e+00
0.000000000000000000e+00
1.128153424970976593e+00
8.989340694834091483e-01
1.261660684624920314e+00
6.745985766476992884e-01
1.236980134152588784e+00
1.572257924681276897e+00
8.080783389516840165e-01
1.517533304548477346e+00
