4.894718262316220536e-01
1.714617997313888365e-01
8.806435884614276233e-02
1.953809178454967710e-01
6.521817328056489504e-01
1.506906452900600990e-01
6.078498381048340615e-01
1.930658327843375099e+00
5.132175171436085259e-01
1.497109306818578789e+00
1.922209458946132044e+00
3.199613520255830124e-01
3.681467846008429134e+00
3.397805319380776123e-01
2.130076979143899152e+00
3.026128757231476119e+00
2.245916902580081587e+00
2.359458345233147181e-01
3.740242239314028438e+00
1.441025292098106148e+00
8.939976217218393861e-01
2.265729222575126212e+00
5.303408323903976429e-01
9.388070489933545426e-01
7.063429939337800834e-01
3.859598986046833824e-01
0.000000000000000000e+00
0.000000000000000000e+00
5.647390654805255483e-01
0.000000000000000000e+00
1.565917820266387039e+00
0.000000000000000000e+00
6.987068640565152755e-02
9.024017981983771530e-02
1.668760314561894775e+00
3.931839630985026757e-01
6.187380578392694730e+00
8.965325914142590058e-01
9.182929510042550092e-01
0.000000000000000000e+00
7.918697266014690372e-02
2.084394667282844227e-01
0.000000000000000000e+00
9.243380201963351528e-01
0.000000000000000000e+00
5.486229108868441173e-01
2.549025983709926058e-01
4.083810006062601472e-01
0.000000000000000000e+00
1.793937132145633773e-01
0.000000000000000000e+00
2.261100238001058749e+00
8.664481756557496084e-01
2.170978081894212153e+00
3.530827699254094898e-01
1.199116168663990178e+00
7.712501275232366282e-01
5.885175449143298376e-01
inf
0.000000000000000000e+00
2.885255940243030892e+00
3.287920429456196114e+00
1.949971515308967840e+00
4.439743709287081175e-01
0.000000000000000000e+00
5.547280688107350533e-02
2.658099385761846456e+00
4.473280098857886911e-01
2.027035047563606474e-01
1.908742524187523104e+00
2.097983689446391575e-01
3.495728375969170965e-01
2.744981935205861756e+00
0.000000000000000000e+00
6.735981023091335285e-01
7.155360604787820433e-01
1.070337068473902642e+00
0.000000000000000000e+00
7.032916573663718918e-01
1.101497474819074673e+00
5.282300439130186653e+00
1.815475773572034213e-01
1.620549451167324184e+00
1.011247138376092651e-04
0.000000000000000000e+00
0.000000000000000000e+00
4.469607370516002869e-03
5.284391615027869138e-01
2.747746053799267618e-01
7.417305239475261436e-01
1.291074273256141991e+00
2.569163885011345183e-01
8.002487508370364653e-04
inf
0.000000000000000000e+00
8.282901667118942601e-01
2.845834331786419730e-04
3.369585292751499650e-01
1.949932806932578866e-01
1.382923584142138562e+00
1.051118963233235032e-01
0.000000000000000000e+00
1.596550732798079686e+00
4.382528352141669137e-01
9.327858334511343052e-01
1.920613403961642485e+00
6.982883371930012073e-01
3.165140428078035972e-01
4.677757672017131552e-01
1.677479678682929076e-01
2.988719745206811940e+00
1.060636694796914803e+00
2.296568043872760256e+00
5.755509001067167230e-01
2.665184387598834581e-01
0.000000000000000000e+00
6.585368751755239503e-01
1.057241240963428641e+00
1.138293788348474944e+00
3.473010673787699787e-01
6.200705064271824218e-01
1.423328567487339935e+00
0.000000000000000000e+00
6.385482427664597171e-01
1.170783094958286918e+00
0.000000000000000000e+00
1.338173784740701366e+00
0.000000000000000000e+00
1.017002498729086879e+00
7.191948795259223148e-01
9.609063163105864280e-01
3.014305903900650119e+00
5.413282814048174796e-01
5.603964099251498299e-01
5.911974111620105221e-01
0.000000000000000000e+00
0.000000000000000000e+00
1.568815551180458290e-01
0.000000000000000000e+00
8.916369807866559860e-01
5.055435403991145327e-01
3.393449572648449042e+00
1.424523186713288148e+00
4.853972695110696928e-02
0.000000000000000000e+00
0.000000000000000000e+00
8.339950403593363593e-01
6.189725801728703791e-01
4.306444104110870308e-01
3.242983725864428957e-01
3.280956449711476264e+00
1.794807145430580841e-01
1.084486460719496170e+00
6.949187876826759869e+00
7.906159355501091168e-02
1.080931910240060079e+00
5.672296396661442586e-01
6.438755538227717290e-01
0.000000000000000000e+00
6.707866805441341507e-01
1.181104190318391645e-01
8.359528056310798760e-01
7.848983226135824998e-01
5.407337804952083715e-01
2.368581997881518408e-01
9.665922305108346491e-01
5.011921737116563413e+00
7.225110010777524572e-01
7.650182000294895035e-01
1.350344474855428079e+00
0.000000000000000000e+00
1.122762495702823049e+00
1.164343526698330411e+00
4.908726632985160876e-01
4.124216045666683761e-01
7.949639141620716831e-01
1.128264656817024258e+00
0.000000000000000000e+00
3.184703133824744459e+00
3.667754629499007102e-01
2.139232703653144718e-01
5.460859113774823026e-01
0.000000000000000000e+00
1.054837328833975185e+00
5.178814427335525217e-01
2.615387633449257065e-01
2.885440937272553130e-01
6.867478400702238250e-01
0.000000000000000000e+00
0.000000000000000000e+00
3.141301274332053417e-01
2.102711986625924456e-01
9.416682677556064140e-01
9.307318306150751397e-01
1.236314733682545519e+00
4.810588140664946999e-01
0.000000000000000000e+00
2.471054776955892429e-01
2.275386504427562295e-01
3.567933800731100669e-01
2.947939322559448572e-01
3.588259416631749965e-01
1.796363991984891717e+00
8.005010734136623618e-02
2.790847064443710557e-01
8.325392602649266116e-02
2.723018200606485695e-01
6.930894418927519007e-01
6.509287909253916871e-01
0.000000000000000000e+00
8.370484556832293865e-01
5.188017639622977129e-01
0.000000000000000000e+00
3.212831410403074739e-01
5.378653104822836983e-01
0.000000000000000000e+00
0.000000000000000000e+00
2.534385642561557406e-01
1.923168833132005429e-01
1.445465544946040182e-01
1.017407691687684856e+00
4.619705379550329005e-01
4.485399719690745801e-01
4.403828002673790265e-01
7.322987946981075469e-01
4.037737240091546775e-01
2.229874309933020382e-01
1.432588582207172667e+00
1.496244449024881351e-01
5.770567706204696723e-01
9.684824542636475408e-01
1.706101565385328200e+00
9.342810488337834895e-01
9.728684905932826199e-01
7.093965441818170792e-01
2.964347560937978243e-01
4.594498733254271383e-01
3.085386050555861126e-01
2.329408356379814027e+00
2.406217336872202850e+00
2.593038110042812594e+00
2.404086919559997870e-01
1.729426303245129304e-01
6.878892608905564643e-01
1.006993607197777807e-01
0.000000000000000000e+00
1.879305224577017430e+00
0.000000000000000000e+00
6.651511855651688343e-01
2.062273996159127432e-01
5.680102289722284148e-01
3.617346212807364680e-01
4.492792857525792494e-01
2.758586286437070267e+00
2.860919092910355621e-01
0.000000000000000000e+00
